258.83	-73.896	-54.188	-19.567	-3.7047	67.081	-97.58	-17.662	44.172
258.83	-73.896	-54.188	-19.567	-3.7047	82.081	-97.58	-17.662	26.072
51.332	68.604	-54.188	46.433	-6.2047	-40.919	-179.58	224.34	4.452
51.332	68.604	-54.188	46.433	-6.2047	-40.919	-179.58	319.34	5.232
-82.568	58.504	-54.188	10.433	-6.2047	5.4811	51.92	314.34	8.482
-15.168	40.104	-54.188	46.433	-6.2047	-40.919	-103.58	44.338	11.212
98.832	21.104	-54.188	46.433	-6.2047	-40.919	-179.58	319.34	7.882
98.832	21.104	-54.188	46.433	-6.2047	-40.919	-179.58	-17.662	0.63204
-15.168	40.104	-54.188	46.433	-6.2047	-40.919	-103.58	-17.662	10.032
193.83	-73.896	-54.188	46.433	-6.2047	-40.919	-179.58	-17.662	3.472
-82.568	58.504	-54.188	10.433	-6.2047	5.4811	51.92	44.338	2.252
-82.568	58.504	-54.188	10.433	-6.2047	5.4811	51.92	-17.662	-7.798
146.33	-26.396	-54.188	46.433	-6.2047	-40.919	-179.58	224.34	7.192
-91.168	116.1	-54.188	46.433	-6.2047	-40.919	-103.58	44.338	6.512
22.832	2.1042	-54.188	46.433	-6.2047	-40.919	-103.58	-17.662	11.992
98.832	-73.896	-54.188	46.433	-6.2047	-40.919	-103.58	44.338	17.092
-141.57	135.5	-54.188	10.433	-6.2047	74.081	33.32	44.338	3.542
60.832	-35.896	-54.188	46.433	-6.2047	-40.919	-103.58	319.34	20.322
98.832	21.104	-54.188	46.433	-6.2047	-40.919	-179.58	44.338	4.742
193.83	-73.896	-54.188	46.433	-6.2047	-40.919	-179.58	134.34	6.802
146.33	-26.396	-54.188	46.433	-6.2047	-40.919	-179.58	134.34	6.022
-141.57	135.5	-54.188	10.433	-6.2047	74.081	33.32	-17.662	-7.578
-141.57	135.5	-54.188	10.433	-6.2047	74.081	33.32	-42.662	-27.758
-141.57	135.5	-54.188	10.433	-6.2047	74.081	33.32	134.34	8.392
98.832	-73.896	-54.188	46.433	-6.2047	-40.919	-103.58	319.34	16.702
98.832	-73.896	-54.188	46.433	-6.2047	-40.919	-103.58	224.34	17.482
98.832	21.104	-54.188	46.433	-6.2047	-40.919	-179.58	224.34	5.332
60.832	-35.896	-54.188	46.433	-6.2047	-40.919	-103.58	134.34	16.302
146.33	-26.396	-54.188	46.433	-6.2047	-40.919	-179.58	-17.662	1.612
193.83	-73.896	-54.188	46.433	-6.2047	-40.919	-179.58	-38.662	2.782
22.832	2.1042	-54.188	46.433	-6.2047	-40.919	-103.58	319.34	19.442
-15.168	40.104	-54.188	46.433	-6.2047	-40.919	-103.58	319.34	17.092
-82.568	58.504	-54.188	10.433	-6.2047	5.4811	51.92	134.34	5.902
193.83	-73.896	-54.188	46.433	-6.2047	-40.919	-179.58	224.34	6.312
-91.168	116.1	-54.188	46.433	-6.2047	-40.919	-103.58	319.34	17.872
-43.668	163.6	-54.188	46.433	-6.2047	-40.919	-179.58	224.34	2.592
-43.668	163.6	-54.188	46.433	-6.2047	-40.919	-179.58	-17.662	-5.738
51.332	68.604	-54.188	46.433	-6.2047	-40.919	-179.58	44.338	1.902
193.83	-73.896	-54.188	46.433	-6.2047	-40.919	-179.58	44.338	6.412
-43.668	163.6	-54.188	46.433	-6.2047	-40.919	-179.58	134.34	0.43204
60.832	-35.896	-54.188	46.433	-6.2047	-40.919	-103.58	44.338	14.642
146.33	-26.396	-54.188	46.433	-6.2047	-40.919	-179.58	319.34	7.882
-43.668	163.6	-54.188	46.433	-6.2047	-40.919	-179.58	319.34	3.182
98.832	-73.896	-54.188	46.433	-6.2047	-40.919	-103.58	134.34	17.282
146.33	-26.396	-54.188	46.433	-6.2047	-40.919	-179.58	44.338	5.722
146.33	-26.396	-54.188	46.433	-6.2047	-40.919	-179.58	-38.662	-0.73796
67.832	-73.896	-54.188	10.433	-6.2047	74.081	33.32	-42.662	-20.768
98.832	21.104	-54.188	46.433	-6.2047	-40.919	-179.58	134.34	4.942
-43.668	163.6	-54.188	46.433	-6.2047	-40.919	-179.58	-38.662	-9.558
98.832	21.104	-54.188	46.433	-6.2047	-40.919	-179.58	-38.662	-2.998
51.332	68.604	-54.188	46.433	-6.2047	-40.919	-179.58	134.34	3.962
-91.168	116.1	-54.188	46.433	-6.2047	-40.919	-103.58	134.34	11.112
-43.668	163.6	-54.188	46.433	-6.2047	-40.919	-179.58	44.338	-2.698
22.832	2.1042	-54.188	46.433	-6.2047	-40.919	-103.58	44.338	13.372
-141.57	135.5	-54.188	10.433	-6.2047	74.081	33.32	-38.662	-21.228
-82.568	58.504	-54.188	10.433	-6.2047	5.4811	51.92	-38.662	-21.178
193.83	-73.896	-54.188	46.433	-6.2047	-40.919	-179.58	319.34	6.112
-82.568	58.504	-54.188	10.433	-6.2047	5.4811	51.92	-42.662	-26.688
22.832	2.1042	-54.188	46.433	-6.2047	-40.919	-103.58	134.34	15.132
51.332	68.604	-54.188	46.433	-6.2047	-40.919	-179.58	-17.662	-2.798
22.832	2.1042	-54.188	46.433	-6.2047	-40.919	-103.58	224.34	18.562
-15.168	40.104	-54.188	46.433	-6.2047	-40.919	-103.58	224.34	15.912
28.832	-73.896	-54.188	10.433	-6.2047	-1.9189	77.02	-42.662	-25.948
-91.168	116.1	-54.188	46.433	-6.2047	-40.919	-103.58	224.34	14.842
-15.168	40.104	-54.188	46.433	-6.2047	-40.919	-103.58	134.34	12.882
60.832	-35.896	-54.188	46.433	-6.2047	-40.919	-103.58	224.34	19.242
-141.57	135.5	-54.188	10.433	-6.2047	74.081	33.32	314.34	8.882
51.332	68.604	-54.188	46.433	-6.2047	-40.919	-179.58	-38.662	-5.538
-91.168	116.1	-54.188	46.433	-6.2047	-40.919	-103.58	-17.662	5.042
203.83	-73.896	-54.188	-35.567	-6.2047	147.08	26.42	-17.662	36.172
92.832	115.3	-54.188	-11.467	3.8953	-46.819	-16.88	-42.662	-1.418
32.132	188.3	-54.188	-6.0673	2.3953	73.981	-161.78	-42.662	-7.018
143.83	32.404	-54.188	-28.067	10.295	-120.82	113.52	-42.662	-2.418
143.83	32.404	-54.188	-30.167	12.395	-36.919	30.12	-42.662	0.48204
93.832	19.904	-54.188	-54.967	17.195	-120.82	219.02	-42.662	-6.818
193.83	44.904	-54.188	-0.46728	2.6953	-120.82	7.9195	-42.662	1.982
187.83	43.304	-54.188	-43.767	25.995	-120.82	66.92	-42.662	4.382
143.83	32.404	-54.188	-28.067	10.295	-120.82	113.52	-42.662	-2.418
107.43	23.204	-54.188	-23.667	5.8953	-120.82	152.12	-42.662	-7.718
250.13	-73.896	-54.188	-39.767	21.995	-120.82	120.12	-42.662	5.482
143.83	32.404	-54.188	-28.067	10.295	-120.82	113.52	-42.662	-2.418
37.632	138.6	-54.188	-25.867	8.0953	-120.82	106.82	-42.662	-10.618
120.63	20.804	-54.188	-34.167	5.1953	-26.119	78.52	-42.662	5.282
81.432	115.1	-54.188	-16.667	5.3953	-28.219	-17.78	-42.662	-0.51796
42.532	208.9	-54.188	2.2327	4.0953	-30.219	-113.68	-42.662	-7.518
98.332	77.304	-54.188	-27.667	9.6953	161.38	-168.58	-42.662	-7.218
81.432	115.1	-54.188	-16.667	5.3953	-28.219	-17.78	-42.662	-0.51796
5.1321	127.0	-54.188	-36.867	4.9953	31.681	30.12	-42.662	-11.418
81.432	115.1	-54.188	-16.667	5.3953	-28.219	-17.78	-42.662	-0.51796
157.83	103.1	-54.188	4.4327	4.8953	-88.019	-65.68	-42.662	3.482
108.73	115.1	-54.188	-35.667	15.795	-28.219	-17.78	-42.662	4.782
81.432	115.1	-54.188	-16.667	5.3953	-28.219	-17.78	-42.662	-0.51796
56.732	115.1	-54.188	-6.6673	3.2953	-28.219	-17.78	-42.662	-11.718
92.832	115.3	-54.188	-11.467	3.8953	-46.819	-16.88	-38.662	10.382
32.132	188.3	-54.188	-6.0673	2.3953	73.981	-161.78	-38.662	6.982
143.83	32.404	-54.188	-28.067	10.295	-120.82	113.52	-38.662	13.382
143.83	32.404	-54.188	-30.167	12.395	-36.919	30.12	-38.662	10.982
93.832	19.904	-54.188	-54.967	17.195	-120.82	219.02	-38.662	9.882
193.83	44.904	-54.188	-0.46728	2.6953	-120.82	7.9195	-38.662	19.782
187.83	43.304	-54.188	-43.767	25.995	-120.82	66.92	-38.662	19.082
143.83	32.404	-54.188	-28.067	10.295	-120.82	113.52	-38.662	13.382
107.43	23.204	-54.188	-23.667	5.8953	-120.82	152.12	-38.662	-0.91796
250.13	-73.896	-54.188	-39.767	21.995	-120.82	120.12	-38.662	11.082
143.83	32.404	-54.188	-28.067	10.295	-120.82	113.52	-38.662	13.382
37.632	138.6	-54.188	-25.867	8.0953	-120.82	106.82	-38.662	-2.418
120.63	20.804	-54.188	-34.167	5.1953	-26.119	78.52	-38.662	18.282
81.432	115.1	-54.188	-16.667	5.3953	-28.219	-17.78	-38.662	20.082
42.532	208.9	-54.188	2.2327	4.0953	-30.219	-113.68	-38.662	13.982
98.332	77.304	-54.188	-27.667	9.6953	161.38	-168.58	-38.662	11.282
81.432	115.1	-54.188	-16.667	5.3953	-28.219	-17.78	-38.662	20.082
5.1321	127.0	-54.188	-36.867	4.9953	31.681	30.12	-38.662	2.182
81.432	115.1	-54.188	-16.667	5.3953	-28.219	-17.78	-38.662	20.082
157.83	103.1	-54.188	4.4327	4.8953	-88.019	-65.68	-38.662	20.282
108.73	115.1	-54.188	-35.667	15.795	-28.219	-17.78	-38.662	23.272
81.432	115.1	-54.188	-16.667	5.3953	-28.219	-17.78	-38.662	-12.918
56.732	115.1	-54.188	-6.6673	3.2953	-28.219	-17.78	-38.662	-0.71796
92.832	115.3	-54.188	-11.467	3.8953	-46.819	-16.88	-17.662	25.272
32.132	188.3	-54.188	-6.0673	2.3953	73.981	-161.78	-17.662	23.982
143.83	32.404	-54.188	-28.067	10.295	-120.82	113.52	-17.662	24.472
143.83	32.404	-54.188	-30.167	12.395	-36.919	30.12	-17.662	25.982
93.832	19.904	-54.188	-54.967	17.195	-120.82	219.02	-17.662	20.882
193.83	44.904	-54.188	-0.46728	2.6953	-120.82	7.9195	-17.662	32.482
187.83	43.304	-54.188	-43.767	25.995	-120.82	66.92	-17.662	31.082
143.83	32.404	-54.188	-28.067	10.295	-120.82	113.52	-17.662	24.472
107.43	23.204	-54.188	-23.667	5.8953	-120.82	152.12	-17.662	14.882
250.13	-73.896	-54.188	-39.767	21.995	-120.82	120.12	-17.662	20.582
143.83	32.404	-54.188	-28.067	10.295	-120.82	113.52	-17.662	24.472
37.632	138.6	-54.188	-25.867	8.0953	-120.82	106.82	-17.662	19.682
120.63	20.804	-54.188	-34.167	5.1953	-26.119	78.52	-17.662	32.682
81.432	115.1	-54.188	-16.667	5.3953	-28.219	-17.78	-17.662	35.482
42.532	208.9	-54.188	2.2327	4.0953	-30.219	-113.68	-17.662	38.882
98.332	77.304	-54.188	-27.667	9.6953	161.38	-168.58	-17.662	16.382
81.432	115.1	-54.188	-16.667	5.3953	-28.219	-17.78	-17.662	35.482
5.1321	127.0	-54.188	-36.867	4.9953	31.681	30.12	-17.662	31.882
81.432	115.1	-54.188	-16.667	5.3953	-28.219	-17.78	-17.662	35.482
157.83	103.1	-54.188	4.4327	4.8953	-88.019	-65.68	-17.662	30.182
108.73	115.1	-54.188	-35.667	15.795	-28.219	-17.78	-17.662	38.682
81.432	115.1	-54.188	-16.667	5.3953	-28.219	-17.78	-17.662	35.482
56.732	115.1	-54.188	-6.6673	3.2953	-28.219	-17.78	-17.662	14.082
92.832	115.3	-54.188	-11.467	3.8953	-46.819	-16.88	10.338	27.582
32.132	188.3	-54.188	-6.0673	2.3953	73.981	-161.78	10.338	29.082
143.83	32.404	-54.188	-28.067	10.295	-120.82	113.52	10.338	28.482
143.83	32.404	-54.188	-30.167	12.395	-36.919	30.12	10.338	29.082
93.832	19.904	-54.188	-54.967	17.195	-120.82	219.02	10.338	24.382
193.83	44.904	-54.188	-0.46728	2.6953	-120.82	7.9195	10.338	36.482
187.83	43.304	-54.188	-43.767	25.995	-120.82	66.92	10.338	33.482
143.83	32.404	-54.188	-28.067	10.295	-120.82	113.52	10.338	28.482
107.43	23.204	-54.188	-23.667	5.8953	-120.82	152.12	10.338	19.382
250.13	-73.896	-54.188	-39.767	21.995	-120.82	120.12	10.338	22.982
143.83	32.404	-54.188	-28.067	10.295	-120.82	113.52	10.338	28.482
37.632	138.6	-54.188	-25.867	8.0953	-120.82	106.82	10.338	30.282
120.63	20.804	-54.188	-34.167	5.1953	-26.119	78.52	10.338	37.882
81.432	115.1	-54.188	-16.667	5.3953	-28.219	-17.78	10.338	41.482
42.532	208.9	-54.188	2.2327	4.0953	-30.219	-113.68	10.338	44.382
98.332	77.304	-54.188	-27.667	9.6953	161.38	-168.58	10.338	19.082
81.432	115.1	-54.188	-16.667	5.3953	-28.219	-17.78	10.338	41.482
5.1321	127.0	-54.188	-36.867	4.9953	31.681	30.12	10.338	37.172
81.432	115.1	-54.188	-16.667	5.3953	-28.219	-17.78	10.338	41.482
157.83	103.1	-54.188	4.4327	4.8953	-88.019	-65.68	10.338	35.882
108.73	115.1	-54.188	-35.667	15.795	-28.219	-17.78	10.338	43.582
81.432	115.1	-54.188	-16.667	5.3953	-28.219	-17.78	10.338	41.482
56.732	115.1	-54.188	-6.6673	3.2953	-28.219	-17.78	10.338	24.072
92.832	115.3	-54.188	-11.467	3.8953	-46.819	-16.88	45.338	29.082
32.132	188.3	-54.188	-6.0673	2.3953	73.981	-161.78	45.338	30.782
143.83	32.404	-54.188	-28.067	10.295	-120.82	113.52	45.338	29.382
143.83	32.404	-54.188	-30.167	12.395	-36.919	30.12	45.338	30.882
93.832	19.904	-54.188	-54.967	17.195	-120.82	219.02	45.338	26.682
193.83	44.904	-54.188	-0.46728	2.6953	-120.82	7.9195	45.338	38.372
187.83	43.304	-54.188	-43.767	25.995	-120.82	66.92	45.338	34.882
143.83	32.404	-54.188	-28.067	10.295	-120.82	113.52	45.338	29.382
107.43	23.204	-54.188	-23.667	5.8953	-120.82	152.12	45.338	21.782
250.13	-73.896	-54.188	-39.767	21.995	-120.82	120.12	45.338	23.382
143.83	32.404	-54.188	-28.067	10.295	-120.82	113.52	45.338	29.382
37.632	138.6	-54.188	-25.867	8.0953	-120.82	106.82	45.338	32.282
120.63	20.804	-54.188	-34.167	5.1953	-26.119	78.52	45.338	39.682
81.432	115.1	-54.188	-16.667	5.3953	-28.219	-17.78	45.338	43.482
98.332	77.304	-54.188	-27.667	9.6953	161.38	-168.58	45.338	20.682
81.432	115.1	-54.188	-16.667	5.3953	-28.219	-17.78	45.338	43.482
5.1321	127.0	-54.188	-36.867	4.9953	31.681	30.12	45.338	40.982
81.432	115.1	-54.188	-16.667	5.3953	-28.219	-17.78	45.338	43.482
157.83	103.1	-54.188	4.4327	4.8953	-88.019	-65.68	45.338	37.482
108.73	115.1	-54.188	-35.667	15.795	-28.219	-17.78	45.338	46.782
81.432	115.1	-54.188	-16.667	5.3953	-28.219	-17.78	45.338	43.482
56.732	115.1	-54.188	-6.6673	3.2953	-28.219	-17.78	45.338	31.982
-58.768	-73.896	42.512	7.7327	-1.7047	-5.8189	96.72	-42.662	-24.238
-58.768	-73.896	42.512	7.7327	-1.7047	-5.8189	96.72	-31.662	-11.368
-58.768	-73.896	42.512	7.7327	-1.7047	-5.8189	96.72	-17.662	-10.928
-58.768	-73.896	42.512	7.7327	-1.7047	-5.8189	96.72	10.338	-6.368
-58.768	-73.896	42.512	7.7327	-1.7047	-5.8189	96.72	54.338	4.892
-47.368	-73.896	40.412	16.333	-1.6047	-25.919	78.62	-42.662	-25.438
-47.368	-73.896	40.412	16.333	-1.6047	-25.919	78.62	-31.662	-13.678
-47.368	-73.896	40.412	16.333	-1.6047	-25.919	78.62	-17.662	-12.978
-47.368	-73.896	40.412	16.333	-1.6047	-25.919	78.62	10.338	-8.158
-47.368	-73.896	40.412	16.333	-1.6047	-25.919	78.62	54.338	-1.258
-86.468	-73.896	46.312	-15.967	1.2953	33.481	132.32	-42.662	-23.368
-86.468	-73.896	46.312	-15.967	1.2953	33.481	132.32	-31.662	-10.828
-86.468	-73.896	46.312	-15.967	1.2953	33.481	132.32	-17.662	-10.098
-86.468	-73.896	46.312	-15.967	1.2953	33.481	132.32	10.338	-1.858
-86.468	-73.896	46.312	-15.967	1.2953	33.481	132.32	54.338	1.522
-90.468	-73.896	71.212	-19.467	1.5953	117.08	30.42	-42.662	-20.778
-90.468	-73.896	71.212	-19.467	1.5953	117.08	30.42	-31.662	-14.758
-90.468	-73.896	71.212	-19.467	1.5953	117.08	30.42	-17.662	-9.418
-90.468	-73.896	71.212	-19.467	1.5953	117.08	30.42	10.338	-0.47796
-90.468	-73.896	71.212	-19.467	1.5953	117.08	30.42	54.338	4.752
-69.068	-73.896	67.412	-1.2673	-0.50466	84.681	5.7195	-42.662	-23.348
-69.068	-73.896	67.412	-1.2673	-0.50466	84.681	5.7195	-31.662	-14.898
-69.068	-73.896	67.412	-1.2673	-0.50466	84.681	5.7195	-17.662	-10.918
-69.068	-73.896	67.412	-1.2673	-0.50466	84.681	5.7195	10.338	-1.618
-69.068	-73.896	67.412	-1.2673	-0.50466	84.681	5.7195	54.338	3.792
-51.168	-73.896	64.112	13.933	-1.6047	56.481	-14.98	-42.662	-25.788
-51.168	-73.896	64.112	13.933	-1.6047	56.481	-14.98	-31.662	-15.738
-51.168	-73.896	64.112	13.933	-1.6047	56.481	-14.98	-17.662	-11.338
-51.168	-73.896	64.112	13.933	-1.6047	56.481	-14.98	10.338	-4.278
-51.168	-73.896	64.112	13.933	-1.6047	56.481	-14.98	54.338	-0.47796
-90.868	-73.896	71.012	-19.667	3.6953	115.18	29.02	-42.662	-26.368
-90.868	-73.896	71.012	-19.667	3.6953	115.18	29.02	-31.662	-13.098
-90.868	-73.896	71.012	-19.667	3.6953	115.18	29.02	-17.662	-7.348
-90.868	-73.896	71.012	-19.667	3.6953	115.18	29.02	10.338	2.742
-90.868	-73.896	71.012	-19.667	3.6953	115.18	29.02	54.338	4.572
-115.07	-73.896	109.11	-5.0673	-1.7047	85.681	6.5195	-42.662	-25.058
-115.07	-73.896	109.11	-5.0673	-1.7047	85.681	6.5195	-31.662	-10.338
-115.07	-73.896	109.11	-5.0673	-1.7047	85.681	6.5195	-17.662	-14.278
-115.07	-73.896	109.11	-5.0673	-1.7047	85.681	6.5195	10.338	-7.188
-115.07	-73.896	109.11	-5.0673	-1.7047	85.681	6.5195	54.338	-2.278
-113.17	-31.796	109.61	-59.767	-0.50466	85.781	6.5195	-42.662	-28.068
-113.17	-31.796	109.61	-59.767	-0.50466	85.781	6.5195	-31.662	-17.998
-113.17	-31.796	109.61	-59.767	-0.50466	85.781	6.5195	-17.662	-11.578
-113.17	-31.796	109.61	-59.767	-0.50466	85.781	6.5195	10.338	-2.968
-113.17	-31.796	109.61	-59.767	-0.50466	85.781	6.5195	54.338	3.412
-67.468	24.204	-29.688	0.13272	0.69534	92.881	11.82	-42.662	-17.818
-67.468	24.204	-29.688	0.13272	0.69534	92.881	11.82	-31.662	-5.428
-67.468	24.204	-29.688	0.13272	0.69534	92.881	11.82	-17.662	9.892
-67.468	24.204	-29.688	0.13272	0.69534	92.881	11.82	10.338	14.952
-67.468	24.204	-29.688	0.13272	0.69534	92.881	11.82	54.338	18.082
-67.368	24.204	-29.688	0.13272	0.49534	93.081	11.92	-42.662	-22.638
-67.368	24.204	-29.688	0.13272	0.49534	93.081	11.92	-31.662	-17.978
-67.368	24.204	-29.688	0.13272	0.49534	93.081	11.92	-17.662	4.412
-67.368	24.204	-29.688	0.13272	0.49534	93.081	11.92	10.338	11.312
-67.368	24.204	-29.688	0.13272	0.49534	93.081	11.92	54.338	14.152
-51.468	-73.896	64.012	13.633	-0.10466	55.181	-15.98	-42.662	-22.458
-51.468	-73.896	64.012	13.633	-0.10466	55.181	-15.98	-31.662	-13.498
-51.468	-73.896	64.012	13.633	-0.10466	55.181	-15.98	-17.662	-11.278
-51.468	-73.896	64.012	13.633	-0.10466	55.181	-15.98	10.338	-4.468
-51.468	-73.896	64.012	13.633	-0.10466	55.181	-15.98	54.338	5.042
-43.068	-73.896	39.912	5.1327	0.79534	-23.019	73.42	-42.662	-15.888
-43.068	-73.896	39.912	5.1327	0.79534	-23.019	73.42	-31.662	-10.128
-43.068	-73.896	39.912	5.1327	0.79534	-23.019	73.42	-17.662	-5.588
-43.068	-73.896	39.912	5.1327	0.79534	-23.019	73.42	10.338	3.772
-43.068	-73.896	39.912	5.1327	0.79534	-23.019	73.42	54.338	8.482
-31.168	-73.896	41.512	5.8327	-0.70466	-16.019	87.62	-42.662	-21.998
-31.168	-73.896	41.512	5.8327	-0.70466	-16.019	87.62	-31.662	-10.898
-31.168	-73.896	41.512	5.8327	-0.70466	-16.019	87.62	-17.662	-6.598
-31.168	-73.896	41.512	5.8327	-0.70466	-16.019	87.62	10.338	2.512
-31.168	-73.896	41.512	5.8327	-0.70466	-16.019	87.62	54.338	6.532
-68.668	-73.896	46.212	-22.267	2.4953	34.881	130.02	-42.662	-22.278
-68.668	-73.896	46.212	-22.267	2.4953	34.881	130.02	-31.662	-9.508
-68.668	-73.896	46.212	-22.267	2.4953	34.881	130.02	-17.662	-4.178
-68.668	-73.896	46.212	-22.267	2.4953	34.881	130.02	10.338	6.732
-68.668	-73.896	46.212	-22.267	2.4953	34.881	130.02	54.338	7.102
-68.568	-73.896	46.212	-22.167	4.1953	30.881	130.22	-42.662	-22.488
-68.568	-73.896	46.212	-22.167	4.1953	30.881	130.22	-31.662	-10.448
-68.568	-73.896	46.212	-22.167	4.1953	30.881	130.22	-17.662	1.582
-68.568	-73.896	46.212	-22.167	4.1953	30.881	130.22	10.338	8.582
-68.568	-73.896	46.212	-22.167	4.1953	30.881	130.22	54.338	11.922
-69.168	-73.896	70.612	-22.567	1.5953	112.48	25.92	-42.662	-16.298
-69.168	-73.896	70.612	-22.567	1.5953	112.48	25.92	-31.662	-4.468
-69.168	-73.896	70.612	-22.567	1.5953	112.48	25.92	-17.662	2.682
-69.168	-73.896	70.612	-22.567	1.5953	112.48	25.92	10.338	9.262
-69.168	-73.896	70.612	-22.567	1.5953	112.48	25.92	54.338	12.002
-49.368	-73.896	67.412	-7.5673	0.49534	83.481	4.9195	-42.662	-20.378
-49.368	-73.896	67.412	-7.5673	0.49534	83.481	4.9195	-31.662	-9.048
-49.368	-73.896	67.412	-7.5673	0.49534	83.481	4.9195	-17.662	-2.088
-49.368	-73.896	67.412	-7.5673	0.49534	83.481	4.9195	10.338	6.882
-49.368	-73.896	67.412	-7.5673	0.49534	83.481	4.9195	54.338	10.022
-29.768	-73.896	64.112	6.9327	-0.40466	55.481	-15.88	-42.662	-18.598
-29.768	-73.896	64.112	6.9327	-0.40466	55.481	-15.88	-31.662	-5.888
-29.768	-73.896	64.112	6.9327	-0.40466	55.481	-15.88	-17.662	-6.168
-29.768	-73.896	64.112	6.9327	-0.40466	55.481	-15.88	10.338	1.152
-29.768	-73.896	64.112	6.9327	-0.40466	55.481	-15.88	54.338	7.762
-29.768	-73.896	64.112	6.9327	0.19534	55.481	-15.88	-42.662	-22.698
-29.768	-73.896	64.112	6.9327	0.19534	55.481	-15.88	-31.662	-11.388
-29.768	-73.896	64.112	6.9327	0.19534	55.481	-15.88	-17.662	-3.158
-29.768	-73.896	64.112	6.9327	0.19534	55.481	-15.88	10.338	0.82204
-29.768	-73.896	64.112	6.9327	0.19534	55.481	-15.88	54.338	8.392
-99.768	-73.896	112.81	-11.967	1.3953	82.681	4.2195	-42.662	-22.198
-99.768	-73.896	112.81	-11.967	1.3953	82.681	4.2195	-31.662	-14.218
-99.768	-73.896	112.81	-11.967	1.3953	82.681	4.2195	-17.662	-8.048
-99.768	-73.896	112.81	-11.967	1.3953	82.681	4.2195	10.338	-0.24796
-99.768	-73.896	112.81	-11.967	1.3953	82.681	4.2195	54.338	9.552
-99.168	-28.696	67.812	-11.367	1.9953	86.481	7.1195	-42.662	-28.498
-99.168	-28.696	67.812	-11.367	1.9953	86.481	7.1195	-31.662	-14.318
-99.168	-28.696	67.812	-11.367	1.9953	86.481	7.1195	-17.662	-4.548
-99.168	-28.696	67.812	-11.367	1.9953	86.481	7.1195	10.338	7.682
-99.168	-28.696	67.812	-11.367	1.9953	86.481	7.1195	54.338	12.852
-112.27	-31.696	70.112	-23.267	4.5953	107.88	22.62	-42.662	-28.418
-112.27	-31.696	70.112	-23.267	4.5953	107.88	22.62	-31.662	-12.308
-112.27	-31.696	70.112	-23.267	4.5953	107.88	22.62	-17.662	-4.698
-112.27	-31.696	70.112	-23.267	4.5953	107.88	22.62	10.338	3.332
-112.27	-31.696	70.112	-23.267	4.5953	107.88	22.62	54.338	12.332
9.2321	-73.896	42.012	-13.467	3.1953	-11.719	91.42	-42.662	-13.318
9.2321	-73.896	42.012	-13.467	3.1953	-11.719	91.42	-31.662	-1.148
9.2321	-73.896	42.012	-13.467	3.1953	-11.719	91.42	-17.662	-1.078
9.2321	-73.896	42.012	-13.467	3.1953	-11.719	91.42	10.338	9.262
9.2321	-73.896	42.012	-13.467	3.1953	-11.719	91.42	54.338	13.152
-4.0679	-73.896	43.212	-20.967	5.5953	0.98107	102.02	-42.662	-12.678
-4.0679	-73.896	43.212	-20.967	5.5953	0.98107	102.02	-31.662	6.072
-4.0679	-73.896	43.212	-20.967	5.5953	0.98107	102.02	-17.662	12.462
-4.0679	-73.896	43.212	-20.967	5.5953	0.98107	102.02	10.338	15.222
-4.0679	-73.896	43.212	-20.967	5.5953	0.98107	102.02	54.338	19.822
14.532	-73.896	41.412	-10.067	2.6953	-17.819	85.62	-42.662	-12.868
14.532	-73.896	41.412	-10.067	2.6953	-17.819	85.62	-31.662	-0.58796
14.532	-73.896	41.412	-10.067	2.6953	-17.819	85.62	-17.662	4.122
14.532	-73.896	41.412	-10.067	2.6953	-17.819	85.62	10.338	12.902
14.532	-73.896	41.412	-10.067	2.6953	-17.819	85.62	54.338	16.222
-29.368	-73.896	45.712	-35.467	6.1953	33.081	126.22	-42.662	-14.798
-29.368	-73.896	45.712	-35.467	6.1953	33.081	126.22	-31.662	-2.458
-29.368	-73.896	45.712	-35.467	6.1953	33.081	126.22	-17.662	-1.878
-29.368	-73.896	45.712	-35.467	6.1953	33.081	126.22	10.338	8.322
-29.368	-73.896	45.712	-35.467	6.1953	33.081	126.22	54.338	9.552
-32.068	-73.896	44.612	-23.467	6.5953	14.881	115.42	-42.662	-20.458
-32.068	-73.896	44.612	-23.467	6.5953	14.881	115.42	-31.662	-7.138
-32.068	-73.896	44.612	-23.467	6.5953	14.881	115.42	-17.662	-4.968
-32.068	-73.896	44.612	-23.467	6.5953	14.881	115.42	10.338	6.212
-32.068	-73.896	44.612	-23.467	6.5953	14.881	115.42	54.338	15.242
-28.868	-73.896	44.612	-35.267	7.9953	14.881	115.42	-42.662	-14.038
-28.868	-73.896	44.612	-35.267	7.9953	14.881	115.42	-31.662	6.472
-28.868	-73.896	44.612	-35.267	7.9953	14.881	115.42	-17.662	14.782
-28.868	-73.896	44.612	-35.267	7.9953	14.881	115.42	10.338	20.012
-28.868	-73.896	44.612	-35.267	7.9953	14.881	115.42	54.338	25.132
-34.368	-73.896	70.912	-38.267	5.7953	113.88	27.32	-42.662	-12.298
-34.368	-73.896	70.912	-38.267	5.7953	113.88	27.32	-31.662	6.402
-34.368	-73.896	70.912	-38.267	5.7953	113.88	27.32	-17.662	16.682
-34.368	-73.896	70.912	-38.267	5.7953	113.88	27.32	10.338	24.502
-34.368	-73.896	70.912	-38.267	5.7953	113.88	27.32	54.338	30.602
-6.0679	-73.896	67.212	-22.067	3.6953	80.681	3.9195	-42.662	-12.018
-6.0679	-73.896	67.212	-22.067	3.6953	80.681	3.9195	-31.662	2.952
-6.0679	-73.896	67.212	-22.067	3.6953	80.681	3.9195	-17.662	15.512
-6.0679	-73.896	67.212	-22.067	3.6953	80.681	3.9195	10.338	21.032
-6.0679	-73.896	67.212	-22.067	3.6953	80.681	3.9195	54.338	22.792
16.032	-73.896	63.312	-6.7673	3.2953	49.881	-20.08	-42.662	-13.908
16.032	-73.896	63.312	-6.7673	3.2953	49.881	-20.08	-31.662	1.172
16.032	-73.896	63.312	-6.7673	3.2953	49.881	-20.08	-17.662	11.582
16.032	-73.896	63.312	-6.7673	3.2953	49.881	-20.08	10.338	16.142
16.032	-73.896	63.312	-6.7673	3.2953	49.881	-20.08	54.338	20.922
-67.468	-73.896	120.51	-26.767	3.9953	80.581	2.8195	-42.662	-18.248
-67.468	-73.896	120.51	-26.767	3.9953	80.581	2.8195	-31.662	-2.088
-67.468	-73.896	120.51	-26.767	3.9953	80.581	2.8195	-17.662	4.332
-67.468	-73.896	120.51	-26.767	3.9953	80.581	2.8195	10.338	10.822
-67.468	-73.896	120.51	-26.767	3.9953	80.581	2.8195	54.338	14.262
-67.668	-73.896	120.01	-26.967	5.4953	79.381	1.9195	-42.662	-18.448
-67.668	-73.896	120.01	-26.967	5.4953	79.381	1.9195	-31.662	-2.118
-67.668	-73.896	120.01	-26.967	5.4953	79.381	1.9195	-17.662	10.122
-67.668	-73.896	120.01	-26.967	5.4953	79.381	1.9195	10.338	15.612
-67.668	-73.896	120.01	-26.967	5.4953	79.381	1.9195	54.338	23.482
-3.9679	23.904	-29.688	-20.867	4.9953	88.781	8.9195	-42.662	-5.368
-3.9679	23.904	-29.688	-20.867	4.9953	88.781	8.9195	-31.662	11.892
-3.9679	23.904	-29.688	-20.867	4.9953	88.781	8.9195	-17.662	27.322
-3.9679	23.904	-29.688	-20.867	4.9953	88.781	8.9195	10.338	31.002
-3.9679	23.904	-29.688	-20.867	4.9953	88.781	8.9195	54.338	31.132
-62.968	-19.296	69.612	-40.767	5.6953	102.78	19.12	-42.662	-8.398
-62.968	-19.296	69.612	-40.767	5.6953	102.78	19.12	-31.662	0.14204
-62.968	-19.296	69.612	-40.767	5.6953	102.78	19.12	-17.662	19.692
-62.968	-19.296	69.612	-40.767	5.6953	102.78	19.12	10.338	26.172
-62.968	-19.296	69.612	-40.767	5.6953	102.78	19.12	54.338	27.712
-66.268	-20.096	67.712	-25.967	3.3953	41.381	7.0195	-42.662	-17.798
-66.268	-20.096	67.712	-25.967	3.3953	41.381	7.0195	-31.662	2.782
-66.268	-20.096	67.712	-25.967	3.3953	41.381	7.0195	-17.662	16.382
-66.268	-20.096	67.712	-25.967	3.3953	41.381	7.0195	10.338	18.142
-66.268	-20.096	67.712	-25.967	3.3953	41.381	7.0195	54.338	20.812
-62.268	-73.896	69.912	-23.067	5.0953	105.78	21.32	-42.662	-20.478
-62.268	-73.896	69.912	-23.067	5.0953	105.78	21.32	-31.662	-9.768
-62.268	-73.896	69.912	-23.067	5.0953	105.78	21.32	-17.662	-5.598
-62.268	-73.896	69.912	-23.067	5.0953	105.78	21.32	10.338	1.452
-62.268	-73.896	69.912	-23.067	5.0953	105.78	21.32	54.338	10.412
94.832	-73.896	-54.188	33.033	-6.2047	30.581	-11.18	-42.662	-19.538
94.832	-73.896	-54.188	33.033	-6.2047	30.581	-11.18	-31.662	-10.198
94.832	-73.896	-54.188	33.033	-6.2047	30.581	-11.18	-17.662	-3.848
94.832	-73.896	-54.188	33.033	-6.2047	30.581	-11.18	10.338	0.48204
94.832	-73.896	-54.188	33.033	-6.2047	30.581	-11.18	54.338	7.242
218.83	-73.896	-54.188	-41.567	-2.2047	-6.9189	79.42	-17.662	31.752
193.83	-73.896	4.8117	-39.567	-4.3047	125.08	-132.58	-17.662	21.412
33.832	63.104	-54.188	-36.567	-0.30466	157.08	-28.58	-17.662	45.932
223.83	-73.896	5.8117	13.433	-6.2047	57.081	-143.58	-17.662	28.202
169.83	-73.896	-54.188	-16.567	5.0953	57.081	-28.58	-17.662	42.982
234.83	-73.896	-54.188	-19.567	1.9953	-171.92	28.42	-17.662	5.552
238.83	-73.896	-54.188	-11.567	-1.0047	-117.92	81.42	-17.662	24.462
246.83	-73.896	-54.188	3.4327	0.69534	-52.919	-53.58	-17.662	21.012
238.83	-73.896	-54.188	-6.5673	-1.0047	-102.92	31.42	-17.662	15.202
103.83	-73.896	81.812	-23.567	13.795	-69.919	-5.5805	-17.662	19.732
218.93	-73.896	-54.188	18.433	-3.2047	151.48	-160.38	-17.662	8.312
168.93	-23.896	-54.188	18.433	-3.2047	151.48	-160.38	-17.662	3.562
115.83	-56.696	103.81	-14.567	14.595	-5.9189	-140.58	-17.662	19.832
51.832	-56.396	108.81	-14.567	11.695	23.081	-121.58	-17.662	11.462
52.832	-56.296	103.81	7.4327	9.0953	-5.9189	-140.58	-17.662	8.512
123.83	-73.896	-54.188	-6.5673	-6.2047	147.08	-78.58	-17.662	16.482
-81.168	126.1	-54.188	8.4327	-6.2047	172.08	-113.58	-17.662	13.432
234.83	-73.896	-54.188	-19.567	2.0953	-171.92	28.42	-17.662	5.552
-136.17	42.104	64.812	2.4327	-0.50466	-139.92	106.42	-17.662	-6.658
-121.17	54.104	67.812	0.43272	0.19534	-148.92	105.42	-17.662	3.582
-47.168	82.104	-54.188	7.4327	-0.30466	8.0811	-13.58	-17.662	3.482
-31.168	106.1	40.812	-22.567	3.2953	-112.92	26.42	-17.662	32.052
193.83	-73.896	-54.188	-19.567	3.2953	71.081	-111.58	-17.662	22.702
3.8321	116.1	-54.188	-18.567	1.3953	58.081	-88.58	-17.662	17.762
74.832	45.104	-54.188	-21.567	2.7953	88.081	-116.58	-17.662	23.182
-6.1679	106.1	65.812	-19.567	4.1953	-142.92	-8.5805	-17.662	40.422
218.83	-73.896	-54.188	-30.567	2.7953	60.081	-118.58	-17.662	34.022
-116.17	-73.896	89.412	-17.767	-6.2047	32.681	127.32	-42.662	-21.418
-116.17	54.604	77.912	-6.4673	1.8953	32.881	-26.98	-42.662	-16.398
-103.17	55.904	64.412	-1.6673	-2.6047	34.381	-26.78	-42.662	-15.088
-113.77	56.004	74.412	-6.0673	1.5953	33.381	-26.98	-42.662	-20.878
-108.77	-60.296	118.21	-24.767	-2.1047	33.381	82.82	-42.662	-14.528
-107.67	-23.796	119.31	-16.767	0.29534	33.281	19.92	-42.662	-12.738
-114.17	1.5042	112.81	-17.567	1.6953	34.381	-3.4805	-42.662	-20.298
-107.37	19.504	105.71	-9.2673	3.4953	34.281	-26.98	-42.662	-19.998
-90.868	-73.896	71.012	-14.967	3.6953	106.08	25.32	-42.662	-23.268
-31.168	-73.896	41.512	10.233	-0.90466	-24.019	83.62	-42.662	-27.328
-67.668	-73.896	120.01	-22.367	5.4953	70.681	-1.6805	-42.662	-20.208
-86.468	-73.896	46.312	-11.367	1.2953	25.081	128.22	-42.662	-23.638
-29.768	-73.896	64.112	11.333	-0.40466	70.681	-19.28	-42.662	-23.838
-116.17	-73.896	89.412	-17.767	-6.2047	32.681	127.32	-31.662	-18.938
-116.17	54.604	77.912	-6.4673	1.8953	32.881	-26.98	-31.662	-2.728
-103.17	55.904	64.412	-1.6673	-2.6047	34.381	-26.78	-31.662	-1.578
-113.77	56.004	74.412	-6.0673	1.5953	33.381	-26.98	-31.662	-4.008
-108.77	-60.296	118.21	-24.767	-2.1047	33.381	82.82	-31.662	-6.068
-107.67	-23.796	119.31	-16.767	0.29534	33.281	19.92	-31.662	-2.808
-114.17	1.5042	112.81	-17.567	1.6953	34.381	-3.4805	-31.662	-2.918
-107.37	19.504	105.71	-9.2673	3.4953	34.281	-26.98	-31.662	-6.268
-90.868	-73.896	71.012	-14.967	3.6953	106.08	25.32	-31.662	-16.398
-31.168	-73.896	41.512	10.233	-0.90466	-24.019	83.62	-31.662	-11.158
-67.668	-73.896	120.01	-22.367	5.4953	70.681	-1.6805	-31.662	-6.228
-86.468	-73.896	46.312	-11.367	1.2953	25.081	128.22	-31.662	-11.538
-29.768	-73.896	64.112	11.333	-0.40466	70.681	-19.28	-31.662	-15.088
-116.17	-73.896	89.412	-17.767	-6.2047	32.681	127.32	-17.662	-9.618
-116.17	54.604	77.912	-6.4673	1.8953	32.881	-26.98	-17.662	10.572
-103.17	55.904	64.412	-1.6673	-2.6047	34.381	-26.78	-17.662	3.342
-113.77	56.004	74.412	-6.0673	1.5953	33.381	-26.98	-17.662	5.382
-108.77	-60.296	118.21	-24.767	-2.1047	33.381	82.82	-17.662	-2.128
-107.67	-23.796	119.31	-16.767	0.29534	33.281	19.92	-17.662	2.382
-114.17	1.5042	112.81	-17.567	1.6953	34.381	-3.4805	-17.662	5.592
-107.37	19.504	105.71	-9.2673	3.4953	34.281	-26.98	-17.662	1.992
-90.868	-73.896	71.012	-14.967	3.6953	106.08	25.32	-17.662	-10.968
-31.168	-73.896	41.512	10.233	-0.90466	-24.019	83.62	-17.662	-8.598
-67.668	-73.896	120.01	-22.367	5.4953	70.681	-1.6805	-17.662	8.822
-86.468	-73.896	46.312	-11.367	1.2953	25.081	128.22	-17.662	1.452
-29.768	-73.896	64.112	11.333	-0.40466	70.681	-19.28	-17.662	-2.548
-116.17	-73.896	89.412	-17.767	-6.2047	32.681	127.32	10.338	0.74204
-116.17	54.604	77.912	-6.4673	1.8953	32.881	-26.98	10.338	17.902
-103.17	55.904	64.412	-1.6673	-2.6047	34.381	-26.78	10.338	12.772
-113.77	56.004	74.412	-6.0673	1.5953	33.381	-26.98	10.338	15.902
-108.77	-60.296	118.21	-24.767	-2.1047	33.381	82.82	10.338	0.032039
-107.67	-23.796	119.31	-16.767	0.29534	33.281	19.92	10.338	17.952
-114.17	1.5042	112.81	-17.567	1.6953	34.381	-3.4805	10.338	17.642
-107.37	19.504	105.71	-9.2673	3.4953	34.281	-26.98	10.338	13.172
-90.868	-73.896	71.012	-14.967	3.6953	106.08	25.32	10.338	-4.098
-31.168	-73.896	41.512	10.233	-0.90466	-24.019	83.62	10.338	3.822
-67.668	-73.896	120.01	-22.367	5.4953	70.681	-1.6805	10.338	15.442
-86.468	-73.896	46.312	-11.367	1.2953	25.081	128.22	10.338	7.572
-29.768	-73.896	64.112	11.333	-0.40466	70.681	-19.28	10.338	3.452
-116.17	-73.896	89.412	-17.767	-6.2047	32.681	127.32	54.338	2.142
-116.17	54.604	77.912	-6.4673	1.8953	32.881	-26.98	54.338	19.202
-103.17	55.904	64.412	-1.6673	-2.6047	34.381	-26.78	54.338	14.172
-113.77	56.004	74.412	-6.0673	1.5953	33.381	-26.98	54.338	17.842
-108.77	-60.296	118.21	-24.767	-2.1047	33.381	82.82	54.338	1.862
-107.67	-23.796	119.31	-16.767	0.29534	33.281	19.92	54.338	20.242
-114.17	1.5042	112.81	-17.567	1.6953	34.381	-3.4805	54.338	20.992
-107.37	19.504	105.71	-9.2673	3.4953	34.281	-26.98	54.338	15.122
-90.868	-73.896	71.012	-14.967	3.6953	106.08	25.32	54.338	-2.258
-31.168	-73.896	41.512	10.233	-0.90466	-24.019	83.62	54.338	5.342
-67.668	-73.896	120.01	-22.367	5.4953	70.681	-1.6805	54.338	17.142
-86.468	-73.896	46.312	-11.367	1.2953	25.081	128.22	54.338	8.462
-29.768	-73.896	64.112	11.333	-0.40466	70.681	-19.28	54.338	4.332
164.83	-49.896	24.812	-19.567	5.3953	-5.9189	-61.58	-17.662	21.212
164.83	-49.896	24.812	-19.567	5.3953	-5.9189	-61.58	-17.662	8.602
164.83	-49.896	24.812	-19.567	5.3953	-5.9189	-61.58	-17.662	15.202
164.83	-49.896	24.812	-19.567	4.0953	-5.9189	-61.58	-17.662	17.572
164.83	-49.896	24.812	-19.567	5.3953	-5.9189	-61.58	-42.662	-0.45796
164.83	-49.896	24.812	-19.567	5.3953	-5.9189	-61.58	-42.662	-10.798
164.83	-49.896	24.812	-19.567	5.3953	-5.9189	-61.58	-42.662	-12.468
164.83	-49.896	24.812	-19.567	5.3953	-5.9189	-61.58	-38.662	16.192
164.83	-49.896	24.812	-19.567	5.3953	-5.9189	-61.58	-38.662	2.202
164.83	-49.896	24.812	-19.567	5.3953	-5.9189	-61.58	-38.662	3.482
164.83	-49.896	24.812	-19.567	5.3953	-5.9189	-61.58	10.338	25.252
164.83	-49.896	24.812	-19.567	5.3953	-5.9189	-61.58	10.338	20.322
164.83	-49.896	24.812	-19.567	5.3953	-5.9189	-61.58	10.338	19.432
164.83	-49.896	24.812	-19.567	4.0953	-5.9189	-61.58	10.338	18.952
105.83	-53.896	39.812	-24.567	8.0953	-34.919	71.42	-17.662	14.422
105.83	-53.896	39.812	-24.567	7.6953	-34.919	71.42	-17.662	10.862
105.83	-53.896	39.812	-24.567	5.3953	-34.919	71.42	-17.662	10.862
105.83	-53.896	39.812	-24.567	8.0953	-34.919	71.42	-42.662	-13.068
105.83	-53.896	39.812	-24.567	7.6953	-34.919	71.42	-42.662	-10.308
105.83	-53.896	39.812	-24.567	5.3953	-34.919	71.42	-42.662	-1.048
105.83	-53.896	39.812	-24.567	8.0953	-34.919	71.42	-38.662	1.022
105.83	-53.896	39.812	-24.567	7.6953	-34.919	71.42	-38.662	10.082
105.83	-53.896	39.812	-24.567	5.3953	-34.919	71.42	-38.662	5.852
105.83	-53.896	39.812	-24.567	8.0953	-34.919	71.42	10.338	20.522
105.83	-53.896	39.812	-24.567	7.6953	-34.919	71.42	10.338	12.152
105.83	-53.896	39.812	-24.567	5.3953	-34.919	71.42	10.338	25.642
73.832	-54.896	42.812	-36.567	6.8953	-5.9189	97.42	-17.662	8.212
73.832	-54.896	42.812	-36.567	6.0953	-5.9189	97.42	-17.662	19.632
209.83	-47.896	68.812	28.433	-2.3047	-90.919	-74.58	-17.662	19.732
209.83	-47.896	68.812	19.433	-2.3047	-150.92	-74.58	-17.662	22.102
209.83	-47.896	68.812	28.433	-2.3047	-90.919	-74.58	-42.662	-10.208
209.83	-47.896	68.812	28.433	-2.3047	-90.919	-74.58	-38.662	-2.328
209.83	-47.896	68.812	28.433	-2.3047	-90.919	-74.58	10.338	23.772
209.83	-47.896	68.812	19.433	-2.3047	-150.92	-74.58	-42.662	-6.268
209.83	-47.896	68.812	19.433	-2.3047	-150.92	-74.58	-38.662	2.102
209.83	-47.896	68.812	19.433	-2.3047	-150.92	-74.58	10.338	26.042
142.83	-51.896	77.812	-3.5673	2.2953	-150.92	-23.58	-17.662	26.232
142.83	-51.896	77.812	-3.5673	2.2953	-90.919	-23.58	-42.662	-3.808
142.83	-51.896	77.812	-13.567	2.6953	-150.92	-23.58	-17.662	36.282
142.83	-51.896	77.812	-3.5673	2.2953	-150.92	-23.58	-38.662	3.182
142.83	-51.896	77.812	-3.5673	2.2953	-150.92	-23.58	10.338	29.882
142.83	-51.896	77.812	-13.567	2.6953	-150.92	-23.58	-42.662	-3.708
142.83	-51.896	77.812	-13.567	2.6953	-150.92	-23.58	-38.662	4.472
142.83	-51.896	77.812	-13.567	2.6953	-150.92	-23.58	10.338	38.542
-79.168	-62.896	86.812	24.433	-4.5047	-30.919	27.42	-17.662	-13.848
-79.168	-62.896	86.812	24.433	-4.5047	-30.919	27.42	-42.662	-25.968
-79.168	-62.896	86.812	24.433	-4.5047	-30.919	27.42	-38.662	-20.748
-79.168	-62.896	86.812	24.433	-4.5047	-30.919	27.42	10.338	-12.568
2.8321	-58.896	86.812	-2.5673	-0.70466	-130.92	27.42	-17.662	7.912
2.8321	-58.896	86.812	-2.5673	-0.70466	-130.92	27.42	-42.662	-22.418
2.8321	-58.896	86.812	-2.5673	-0.70466	-130.92	27.42	-38.662	-11.688
2.8321	-58.896	86.812	-2.5673	-0.70466	-130.92	27.42	10.338	8.702
77.832	-54.896	86.812	-27.567	4.6953	-30.919	27.42	-17.662	27.122
77.832	-54.896	86.812	-27.567	4.6953	-30.919	27.42	-17.662	23.672
77.832	-54.896	86.812	-27.567	4.6953	-30.919	27.42	-42.662	-10.698
77.832	-54.896	86.812	-27.567	4.6953	-30.919	27.42	-42.662	-12.178
77.832	-54.896	86.812	-27.567	4.6953	-30.919	27.42	-38.662	-0.067961
77.832	-54.896	86.812	-27.567	4.6953	-30.919	27.42	-38.662	2.792
77.832	-54.896	86.812	-27.567	4.6953	-30.919	27.42	10.338	32.932
77.832	-54.896	86.812	-27.567	4.6953	-30.919	27.42	10.338	30.962
154.83	-73.896	-54.188	36.433	-6.2047	-134.52	-53.88	-17.662	-11.968
7.8321	-73.896	-54.188	10.433	-6.2047	-59.719	121.72	44.338	-3.748
7.8321	-73.896	-54.188	10.433	-6.2047	-59.719	121.72	-42.662	-24.168
111.83	-73.896	-54.188	10.433	-6.2047	-32.319	12.02	-42.662	-16.618
111.83	-73.896	-54.188	10.433	-6.2047	-32.319	12.02	44.338	13.032
111.83	-73.896	-54.188	10.433	-6.2047	-32.319	12.02	-17.662	3.782
198.83	-73.896	-54.188	10.433	-6.2047	-36.719	-61.38	-17.662	8.122
198.83	-73.896	-54.188	10.433	-6.2047	-36.719	-61.38	-38.662	-1.248
198.83	-73.896	-54.188	10.433	-6.2047	-36.719	-61.38	44.338	18.502
198.83	-73.896	-54.188	10.433	-6.2047	-36.719	-61.38	-42.662	-11.418
51.832	-73.896	-54.188	10.433	-6.2047	-41.719	69.02	-42.662	-20.198
-26.168	-73.896	-54.188	10.433	-6.2047	-83.119	171.42	44.338	-13.958
-26.168	-73.896	-54.188	10.433	-6.2047	-83.119	171.42	-38.662	-25.598
7.8321	-73.896	-54.188	10.433	-6.2047	-59.719	121.72	-38.662	-21.218
-26.168	-73.896	-54.188	10.433	-6.2047	-83.119	171.42	-17.662	-17.068
51.832	-73.896	-54.188	10.433	-6.2047	-41.719	69.02	-17.662	-3.848
51.832	-73.896	-54.188	10.433	-6.2047	-41.719	69.02	-38.662	-12.418
7.8321	-73.896	-54.188	10.433	-6.2047	-59.719	121.72	-17.662	-10.248
51.832	-73.896	-54.188	10.433	-6.2047	-41.719	69.02	44.338	5.862
111.83	-73.896	-54.188	10.433	-6.2047	-32.319	12.02	-38.662	-8.078
-26.168	-73.896	-54.188	10.433	-6.2047	-83.119	171.42	-42.662	-27.618
-122.37	164.3	-54.188	4.1327	-6.2047	67.681	-39.28	-38.662	-26.198
-41.568	285.5	-54.188	4.1327	-6.2047	-31.319	-109.28	-38.662	-10.398
-42.968	84.904	-54.188	4.1327	-6.2047	67.681	-39.28	-38.662	-20.128
-99.268	198.9	-54.188	4.1327	-6.2047	39.481	-59.28	-17.662	-7.878
-87.668	216.3	-54.188	4.1327	-6.2047	25.281	-69.28	-17.662	-3.188
-25.668	96.404	-54.188	4.1327	-6.2047	53.681	-49.28	-38.662	-18.578
-8.3679	108.0	-54.188	4.1327	-6.2047	39.481	-59.28	-38.662	-16.048
-41.568	285.5	-54.188	4.1327	-6.2047	-31.319	-109.28	-17.662	3.622
-60.368	73.304	-54.188	4.1327	-6.2047	82.081	-29.28	-17.662	-10.068
115.83	-73.896	-54.188	4.1327	-6.2047	67.681	-39.28	-17.662	-2.738
101.33	-73.896	-54.188	4.1327	-6.2047	74.881	-34.28	-38.662	-11.748
-70.468	242.2	-54.188	4.1327	-6.2047	4.0811	-84.28	-38.662	-13.998
-122.37	164.3	-54.188	4.1327	-6.2047	67.681	-39.28	-17.662	-14.748
14.632	-73.896	-54.188	4.1327	-6.2047	118.48	-4.2805	-38.662	-20.978
-25.668	96.404	-54.188	4.1327	-6.2047	53.681	-49.28	-17.662	-3.768
-77.668	61.804	-54.188	4.1327	-6.2047	103.28	-14.28	-38.662	-23.858
115.83	-73.896	-54.188	4.1327	-6.2047	67.681	-39.28	-38.662	-10.368
100.23	-73.896	-54.188	4.1327	-6.2047	131.68	10.72	-17.662	-13.328
14.632	-73.896	-54.188	4.1327	-6.2047	118.48	-4.2805	-17.662	-10.598
-53.168	268.2	-54.188	4.1327	-6.2047	-17.119	-99.28	-17.662	3.882
-60.368	73.304	-54.188	4.1327	-6.2047	82.081	-29.28	-38.662	-22.728
34.932	136.8	-54.188	4.1327	-6.2047	4.0811	-84.28	-17.662	2.882
-145.47	129.6	-54.188	4.1327	-6.2047	103.28	-14.28	-38.662	-28.308
-43.068	-73.896	-54.188	4.1327	-6.2047	145.88	15.72	-17.662	-18.238
58.032	-73.896	-54.188	4.1327	-6.2047	96.281	-19.28	-38.662	-14.638
-145.47	129.6	-54.188	4.1327	-6.2047	103.28	-14.28	-17.662	-17.618
-87.668	216.3	-54.188	4.1327	-6.2047	25.281	-69.28	-38.662	-18.618
-77.668	61.804	-54.188	4.1327	-6.2047	103.28	-14.28	-17.662	-13.188
9.0321	119.6	-54.188	4.1327	-6.2047	25.281	-69.28	-38.662	-13.958
-99.268	198.9	-54.188	4.1327	-6.2047	39.481	-59.28	-38.662	-23.448
-110.87	81.604	-54.188	4.1327	-6.2047	53.681	-49.28	-17.662	-10.088
-70.468	242.2	-54.188	4.1327	-6.2047	4.0811	-84.28	-17.662	1.992
-53.168	268.2	-54.188	4.1327	-6.2047	-17.119	-99.28	-38.662	-13.898
9.0321	119.6	-54.188	4.1327	-6.2047	25.281	-69.28	-17.662	-2.778
100.23	-73.896	-54.188	4.1327	-6.2047	131.68	10.72	-38.662	-21.278
-42.968	84.904	-54.188	4.1327	-6.2047	67.681	-39.28	-17.662	-8.908
-94.968	50.204	-54.188	4.1327	-6.2047	110.48	-9.2805	-38.662	-27.818
58.032	-73.896	-54.188	4.1327	-6.2047	96.281	-19.28	-17.662	-3.918
-43.068	-73.896	-54.188	4.1327	-6.2047	145.88	15.72	-38.662	-25.478
-28.668	-73.896	-54.188	4.1327	-6.2047	138.68	10.72	-17.662	-16.048
101.33	-73.896	-54.188	4.1327	-6.2047	74.881	-34.28	-17.662	1.622
-28.668	-73.896	-54.188	4.1327	-6.2047	138.68	10.72	-38.662	-24.338
34.932	136.8	-54.188	4.1327	-6.2047	4.0811	-84.28	-38.662	-11.378
-94.968	50.204	-54.188	4.1327	-6.2047	110.48	-9.2805	-17.662	-18.218
-110.87	81.604	-54.188	4.1327	-6.2047	53.681	-49.28	-38.662	-25.088
-8.3679	108.0	-54.188	4.1327	-6.2047	39.481	-59.28	-17.662	-4.438
57.832	-73.896	-54.188	15.433	-6.2047	-4.9189	7.4195	-42.662	-22.598
57.832	-73.896	-54.188	15.433	-6.2047	-4.9189	7.4195	-38.662	-14.848
57.832	-73.896	-54.188	15.433	-6.2047	-4.9189	7.4195	-31.662	-8.778
57.832	-73.896	-54.188	15.433	-6.2047	-4.9189	7.4195	-17.662	-3.778
57.832	-73.896	-54.188	15.433	-6.2047	-4.9189	7.4195	44.338	-0.64796
57.832	-73.896	-54.188	15.433	-6.2047	-4.9189	7.4195	134.34	0.63204
57.832	-73.896	-54.188	15.433	-6.2047	-4.9189	7.4195	319.34	3.072
-45.168	-73.896	-54.188	12.433	-6.2047	-4.9189	111.42	-42.662	-29.348
-45.168	-73.896	-54.188	12.433	-6.2047	-4.9189	111.42	-31.662	-22.978
-45.168	-73.896	-54.188	12.433	-6.2047	-4.9189	111.42	-17.662	-17.398
-45.168	-73.896	-54.188	12.433	-6.2047	-4.9189	111.42	44.338	-13.868
-45.168	-73.896	-54.188	11.433	-6.2047	-4.9189	111.42	134.34	-11.718
-45.168	-73.896	-54.188	11.433	-6.2047	-4.9189	111.42	319.34	-10.738
-4.1679	-73.896	-54.188	9.4327	-6.2047	-4.9189	82.42	-31.662	-14.558
-4.1679	-73.896	-54.188	9.4327	-6.2047	-4.9189	82.42	-17.662	-9.848
-4.1679	-73.896	-54.188	9.4327	-6.2047	-4.9189	82.42	-42.662	-24.458
-4.1679	-73.896	-54.188	9.4327	-6.2047	-4.9189	82.42	44.338	-4.568
-4.1679	-73.896	-54.188	9.4327	-6.2047	-4.9189	82.42	134.34	-3.488
-4.1679	-73.896	-54.188	9.4327	-6.2047	-4.9189	82.42	314.34	-2.118
-27.168	-73.896	-54.188	16.433	-6.2047	-4.9189	89.42	-42.662	-26.508
-27.168	-73.896	-54.188	16.433	-6.2047	-4.9189	89.42	44.338	-8.878
-27.168	-73.896	-54.188	16.433	-6.2047	-4.9189	89.42	134.34	-8.188
-27.168	-73.896	-54.188	16.433	-6.2047	-4.9189	89.42	319.34	-6.028
25.832	-73.896	-54.188	11.433	-6.2047	-4.9189	38.42	134.34	-1.328
25.832	-73.896	-54.188	11.433	-6.2047	-4.9189	38.42	319.34	0.33204
25.832	-73.896	-54.188	11.433	-6.2047	-4.9189	38.42	-42.662	-23.278
25.832	-73.896	-54.188	11.433	-6.2047	-4.9189	38.42	-17.662	-8.288
25.832	-73.896	-54.188	11.433	-6.2047	-4.9189	38.42	44.338	-2.898
-45.168	-73.896	-54.188	11.433	-6.2047	-4.9189	111.42	-38.662	-25.828
-81.168	-73.896	-54.188	-1.5673	-6.2047	152.08	71.42	-38.662	-27.978
-81.168	-73.896	-54.188	-1.5673	-6.2047	152.08	71.42	-17.662	-23.568
-56.168	-73.896	-54.188	-0.56728	-6.2047	140.08	59.42	-38.662	-24.648
-56.168	-73.896	-54.188	-0.56728	-6.2047	140.08	59.42	-17.662	-18.478
43.832	-73.896	-54.188	2.4327	-6.2047	90.081	9.4195	-38.662	-18.278
43.832	-73.896	-54.188	2.4327	-6.2047	90.081	9.4195	-17.662	-5.248
-6.1679	-73.896	-54.188	1.4327	-6.2047	115.08	34.42	-38.662	-21.618
-6.1679	-73.896	-54.188	1.4327	-6.2047	115.08	34.42	-17.662	-11.318
18.832	-73.896	-54.188	2.4327	-6.2047	102.08	21.42	-38.662	-20.238
18.832	-73.896	-54.188	2.4327	-6.2047	102.08	21.42	-17.662	-8.968
93.832	-73.896	-54.188	4.4327	-6.2047	65.081	-15.58	-38.662	-9.758
93.832	-73.896	-54.188	4.4327	-6.2047	65.081	-15.58	-17.662	2.392
118.83	-73.896	-54.188	5.4327	-6.2047	52.081	-28.58	-17.662	7.882
118.83	-73.896	-54.188	5.4327	-6.2047	52.081	-28.58	-38.662	-5.678
-31.168	-73.896	-54.188	0.43272	-6.2047	127.08	46.42	-38.662	-23.088
-31.168	-73.896	-54.188	0.43272	-6.2047	127.08	46.42	-17.662	-14.948
68.832	-73.896	-54.188	4.4327	-6.2047	77.081	-3.5805	-38.662	-15.538
68.832	-73.896	-54.188	4.4327	-6.2047	77.081	-3.5805	-17.662	-1.528
-77.668	231.4	-54.188	21.933	-6.2047	-9.5189	-143.58	-38.662	-16.278
-30.968	92.904	-54.188	21.933	-6.2047	4.6811	-79.48	44.338	11.892
-124.17	162.1	-54.188	10.433	-6.2047	-37.519	7.6195	44.338	7.562
-139.87	138.1	-54.188	21.933	-6.2047	-1.1189	-25.08	-17.662	-5.928
-114.37	176.3	-54.188	21.933	-6.2047	2.6811	-80.98	-42.662	-28.918
-158.57	110.0	-54.188	21.933	-6.2047	-14.719	26.52	44.338	-2.628
-97.268	48.704	-54.188	21.933	-6.2047	-13.719	26.42	-42.662	-30.918
-179.17	79.104	-54.188	10.433	-6.2047	-85.919	168.42	-42.662	-31.248
-179.17	79.104	-54.188	10.433	-6.2047	-85.919	168.42	44.338	-10.358
-158.57	110.0	-54.188	21.933	-6.2047	-14.719	26.52	-17.662	-11.528
-114.37	176.3	-54.188	21.933	-6.2047	2.6811	-80.98	-17.662	-1.868
-81.168	59.104	-54.188	10.433	-6.2047	-7.5189	32.62	-42.662	-24.408
-172.87	88.504	-54.188	21.933	-6.2047	-34.719	75.42	-17.662	-15.228
24.132	129.6	-54.188	21.933	-6.2047	-7.5189	-142.58	-38.662	-9.928
-172.87	88.504	-54.188	21.933	-6.2047	-34.719	75.42	44.338	-6.588
-165.17	99.104	-54.188	10.433	-6.2047	-63.119	118.32	44.338	-4.798
-139.87	138.1	-54.188	21.933	-6.2047	-1.1189	-25.08	-38.662	-25.428
-124.17	162.1	-54.188	10.433	-6.2047	-37.519	7.6195	-17.662	-2.158
-148.17	126.1	-54.188	10.433	-6.2047	-45.519	65.62	-17.662	-7.948
-30.968	92.904	-54.188	21.933	-6.2047	4.6811	-79.48	-38.662	-16.468
-108.17	42.104	-54.188	10.433	-6.2047	-26.119	83.22	-38.662	-24.428
-89.168	214.1	-54.188	10.433	-6.2047	-43.119	-57.48	-42.662	-23.028
-89.168	214.1	-54.188	10.433	-6.2047	-43.119	-57.48	-17.662	3.502
-128.17	28.104	-54.188	10.433	-6.2047	-84.919	169.52	-42.662	-31.038
6.8321	118.1	-54.188	10.433	-6.2047	-40.919	-55.78	-42.662	-19.708
24.132	129.6	-54.188	21.933	-6.2047	-7.5189	-142.58	-17.662	7.562
-45.168	83.104	-54.188	10.433	-6.2047	-0.31893	-24.48	-38.662	-15.398
-108.17	42.104	-54.188	10.433	-6.2047	-26.119	83.22	-42.662	-28.878
-69.168	67.404	-54.188	21.933	-6.2047	0.48107	-23.58	-38.662	-20.788
-45.168	83.104	-54.188	10.433	-6.2047	-0.31893	-24.48	-42.662	-22.248
-97.268	48.704	-54.188	21.933	-6.2047	-13.719	26.42	44.338	-3.288
-114.37	176.3	-54.188	21.933	-6.2047	2.6811	-80.98	-38.662	-20.068
-179.17	79.104	-54.188	10.433	-6.2047	-85.919	168.42	-38.662	-28.138
6.8321	118.1	-54.188	10.433	-6.2047	-40.919	-55.78	-17.662	2.982
-69.168	67.404	-54.188	21.933	-6.2047	0.48107	-23.58	-17.662	-2.818
-179.17	79.104	-54.188	10.433	-6.2047	-85.919	168.42	-17.662	-18.538
-108.17	42.104	-54.188	10.433	-6.2047	-26.119	83.22	-17.662	-11.538
-97.268	48.704	-54.188	21.933	-6.2047	-13.719	26.42	-17.662	-11.768
-148.17	126.1	-54.188	10.433	-6.2047	-45.519	65.62	44.338	0.77204
-89.168	214.1	-54.188	10.433	-6.2047	-43.119	-57.48	44.338	14.912
-148.17	126.1	-54.188	10.433	-6.2047	-45.519	65.62	-38.662	-22.158
24.132	129.6	-54.188	21.933	-6.2047	-7.5189	-142.58	-42.662	-21.678
-45.168	83.104	-54.188	10.433	-6.2047	-0.31893	-24.48	44.338	11.962
-172.87	88.504	-54.188	21.933	-6.2047	-34.719	75.42	-42.662	-33.488
-124.17	162.1	-54.188	10.433	-6.2047	-37.519	7.6195	-38.662	-18.928
6.8321	118.1	-54.188	10.433	-6.2047	-40.919	-55.78	-38.662	-12.298
-69.168	67.404	-54.188	21.933	-6.2047	0.48107	-23.58	-42.662	-29.008
-69.168	67.404	-54.188	21.933	-6.2047	0.48107	-23.58	44.338	3.882
-128.17	28.104	-54.188	10.433	-6.2047	-84.919	169.52	-17.662	-17.858
-45.168	83.104	-54.188	10.433	-6.2047	-0.31893	-24.48	-17.662	-2.938
-165.17	99.104	-54.188	10.433	-6.2047	-63.119	118.32	-17.662	-13.468
-97.268	48.704	-54.188	21.933	-6.2047	-13.719	26.42	-38.662	-25.028
-172.87	88.504	-54.188	21.933	-6.2047	-34.719	75.42	-38.662	-28.098
-77.668	231.4	-54.188	21.933	-6.2047	-9.5189	-143.58	-17.662	5.862
-77.668	231.4	-54.188	21.933	-6.2047	-9.5189	-143.58	-42.662	-26.258
-148.17	126.1	-54.188	10.433	-6.2047	-45.519	65.62	-42.662	-28.938
6.8321	118.1	-54.188	10.433	-6.2047	-40.919	-55.78	44.338	14.712
-81.168	59.104	-54.188	10.433	-6.2047	-7.5189	32.62	-38.662	-18.648
-81.168	59.104	-54.188	10.433	-6.2047	-7.5189	32.62	-17.662	-5.378
-30.968	92.904	-54.188	21.933	-6.2047	4.6811	-79.48	-42.662	-26.088
-158.57	110.0	-54.188	21.933	-6.2047	-14.719	26.52	-42.662	-32.498
-128.17	28.104	-54.188	10.433	-6.2047	-84.919	169.52	44.338	-9.498
-81.168	59.104	-54.188	10.433	-6.2047	-7.5189	32.62	44.338	7.432
-165.17	99.104	-54.188	10.433	-6.2047	-63.119	118.32	-42.662	-29.538
-108.17	42.104	-54.188	10.433	-6.2047	-26.119	83.22	44.338	-3.718
-30.968	92.904	-54.188	21.933	-6.2047	4.6811	-79.48	-17.662	1.142
24.132	129.6	-54.188	21.933	-6.2047	-7.5189	-142.58	44.338	18.782
-89.168	214.1	-54.188	10.433	-6.2047	-43.119	-57.48	-38.662	-14.338
-124.17	162.1	-54.188	10.433	-6.2047	-37.519	7.6195	-42.662	-26.128
-128.17	28.104	-54.188	10.433	-6.2047	-84.919	169.52	-38.662	-27.448
-139.87	138.1	-54.188	21.933	-6.2047	-1.1189	-25.08	44.338	3.842
-165.17	99.104	-54.188	10.433	-6.2047	-63.119	118.32	-38.662	-25.728
-139.87	138.1	-54.188	21.933	-6.2047	-1.1189	-25.08	-42.662	-30.988
-158.57	110.0	-54.188	21.933	-6.2047	-14.719	26.52	-38.662	-25.468
-114.37	176.3	-54.188	21.933	-6.2047	2.6811	-80.98	44.338	7.752
-77.668	231.4	-54.188	21.933	-6.2047	-9.5189	-143.58	44.338	16.042
28.832	-73.896	-54.188	10.433	-6.2047	39.081	56.42	-42.662	-23.968
28.832	-73.896	-54.188	10.433	-6.2047	39.081	56.42	-38.662	-18.578
28.832	-73.896	-54.188	10.433	-6.2047	39.081	56.42	-17.662	-7.988
28.832	-73.896	-54.188	10.433	-6.2047	39.081	56.42	44.338	-0.057961
28.832	-73.896	-54.188	10.433	-6.2047	39.081	56.42	74.338	2.882
49.832	-73.896	-54.188	10.433	-6.2047	52.081	47.42	-42.662	-21.508
49.832	-73.896	-54.188	10.433	-6.2047	52.081	47.42	-38.662	-18.378
49.832	-73.896	-54.188	10.433	-6.2047	52.081	47.42	-17.662	-4.078
49.832	-73.896	-54.188	10.433	-6.2047	52.081	47.42	44.338	2.092
49.832	-73.896	-54.188	10.433	-6.2047	52.081	47.42	74.338	3.562
67.832	-73.896	-54.188	10.433	-6.2047	83.081	35.42	-42.662	-19.948
67.832	-73.896	-54.188	10.433	-6.2047	83.081	35.42	-38.662	-26.808
67.832	-73.896	-54.188	10.433	-6.2047	83.081	35.42	-17.662	-2.208
67.832	-73.896	-54.188	10.433	-6.2047	83.081	35.42	44.338	4.842
67.832	-73.896	-54.188	10.433	-6.2047	83.081	35.42	74.338	5.042
-43.168	-73.896	-54.188	4.4327	-6.2047	146.08	15.42	-38.662	-23.768
-43.168	-73.896	-54.188	4.4327	-6.2047	146.08	15.42	-17.662	-18.278
14.832	-73.896	-54.188	4.4327	-6.2047	117.08	-4.5805	-38.662	-16.908
14.832	-73.896	-54.188	4.4327	-6.2047	117.08	-4.5805	-17.662	-10.638
15.832	-73.896	-54.188	4.4327	-6.2047	67.081	-39.58	-38.662	-4.858
198.83	-73.896	-54.188	10.433	-6.2047	-36.919	-52.58	-17.662	8.072
198.83	-73.896	-54.188	10.433	-6.2047	-36.919	-52.58	44.338	18.462
115.83	-73.896	-54.188	4.4327	-6.2047	67.081	-39.58	-17.662	1.122
-0.16786	-73.896	-54.188	4.4327	-6.2047	131.08	0.41951	-38.662	-21.318
-0.16786	-73.896	-54.188	3.4327	-6.2047	131.08	0.41951	-17.662	-13.378
218.83	-73.896	-54.188	18.433	-6.2047	152.08	-160.58	-44.662	-23.178
218.83	-73.896	-54.188	18.433	-6.2047	152.08	-160.58	-42.662	-9.758
218.83	-73.896	-54.188	18.433	-6.2047	152.08	-160.58	-38.662	-2.608
218.83	-73.896	-54.188	18.433	-6.2047	152.08	-160.58	-31.662	1.122
218.83	-73.896	-54.188	18.433	-6.2047	152.08	-160.58	-17.662	8.272
258.83	-73.896	-54.188	-8.5673	-6.2047	152.08	-160.58	-38.662	16.792
258.83	-73.896	-54.188	-8.5673	-6.2047	152.08	-160.58	-31.662	23.942
258.83	-73.896	-54.188	-8.5673	-6.2047	152.08	-160.58	-17.662	31.492
258.83	-73.896	-54.188	-8.5673	-6.2047	152.08	-160.58	44.338	33.842
258.83	-73.896	-54.188	-8.5673	-6.2047	152.08	-160.58	134.34	35.802
258.83	-73.896	-54.188	-8.5673	-6.2047	152.08	-160.58	224.34	38.352
68.832	-73.896	-54.188	21.433	-6.2047	1.0811	1.4195	-38.662	-17.688
68.832	-73.896	-54.188	21.433	-6.2047	1.0811	1.4195	-31.662	-13.288
68.832	-73.896	-54.188	21.433	-6.2047	1.0811	1.4195	-17.662	-8.478
68.832	-73.896	-54.188	21.433	-6.2047	1.0811	1.4195	10.338	-5.838
68.832	-73.896	-54.188	21.433	-6.2047	1.0811	1.4195	44.338	-4.468
68.832	-73.896	-54.188	21.433	-6.2047	1.0811	1.4195	134.34	-3.098
103.83	-73.896	-54.188	4.4327	-6.2047	-6.9189	-10.58	-44.662	-29.548
103.83	-73.896	-54.188	4.4327	-6.2047	-6.9189	-10.58	-42.662	-21.118
103.83	-73.896	-54.188	4.4327	-6.2047	-6.9189	-10.58	-38.662	-12.598
103.83	-73.896	-54.188	4.4327	-6.2047	-6.9189	-10.58	-31.662	-7.898
103.83	-73.896	-54.188	4.4327	-6.2047	-6.9189	-10.58	-17.662	-4.468
49.832	-73.896	-54.188	10.433	-6.2047	5.0811	51.42	134.34	3.182
49.832	-73.896	-54.188	10.433	-6.2047	5.0811	51.42	314.34	5.422
67.832	-73.896	-54.188	10.433	-6.2047	74.081	32.42	-42.662	-20.828
49.832	-73.896	-54.188	10.433	-6.2047	5.0811	51.42	-42.662	-22.298
100.83	-73.896	-54.188	4.4327	-6.2047	74.081	-34.58	-38.662	-11.818
100.83	-73.896	-54.188	4.4327	-6.2047	74.081	-34.58	-17.662	1.602
100.83	-73.896	-54.188	4.4327	-6.2047	138.08	10.42	-38.662	-24.348
-0.16786	-73.896	-54.188	4.4327	-6.2047	131.08	0.41951	-17.662	-13.378
57.832	-73.896	-54.188	3.4327	-6.2047	96.081	-19.58	-38.662	-14.658
57.832	-73.896	-54.188	3.4327	-6.2047	96.081	-19.58	-17.662	-3.978
13.832	-73.896	-54.188	3.4327	-6.2047	96.081	-4.5805	-38.662	-21.018
13.832	-73.896	-54.188	3.4327	-6.2047	96.081	-4.5805	-17.662	-10.638
-43.168	-73.896	-54.188	3.4327	-6.2047	145.08	15.42	-17.662	-18.278
14.832	-73.896	-54.188	10.433	-6.2047	112.08	-8.5805	-38.662	-21.618
14.832	-73.896	-54.188	10.433	-6.2047	112.08	-8.5805	-17.662	-14.168
14.832	-73.896	-54.188	10.433	-6.2047	112.08	-8.5805	44.338	-6.428
49.832	-73.896	-54.188	10.433	-6.2047	-93.919	51.42	-42.662	-22.298
49.832	-73.896	-54.188	10.433	-6.2047	5.0811	51.42	-38.662	-19.558
49.832	-73.896	-54.188	10.433	-6.2047	5.0811	51.42	-17.662	-4.368
49.832	-73.896	-54.188	10.433	-6.2047	5.0811	51.42	44.338	1.412
67.832	-73.896	-54.188	10.433	-6.2047	74.081	32.42	-38.662	-17.688
67.832	-73.896	-54.188	10.433	-6.2047	74.081	32.42	-17.662	-3.098
67.832	-73.896	-54.188	10.433	-6.2047	74.081	32.42	44.338	3.672
67.832	-73.896	-54.188	10.433	-6.2047	74.081	32.42	134.34	5.232
67.832	-73.896	-54.188	10.433	-6.2047	74.081	32.42	314.34	6.312
20.832	-73.896	-54.188	21.433	-6.2047	1.0811	43.42	-31.662	-17.688
20.832	-73.896	-54.188	21.433	-6.2047	1.0811	43.42	134.34	-9.078
243.83	-73.896	-54.188	7.4327	-6.2047	152.08	-160.58	134.34	26.102
218.83	-73.896	-54.188	18.433	-6.2047	152.08	-160.58	44.338	11.402
218.83	-73.896	-54.188	18.433	-6.2047	152.08	-160.58	134.34	15.222
218.83	-73.896	-54.188	18.433	-6.2047	152.08	-160.58	224.34	19.342
258.83	-73.896	-54.188	-8.5673	-6.2047	152.08	-160.58	-42.662	5.822
-29.168	-73.896	-54.188	3.4327	-6.2047	138.08	10.42	-38.662	-22.108
-29.168	-73.896	-54.188	3.4327	-6.2047	138.08	10.42	-17.662	-16.128
57.832	-73.896	-54.188	3.4327	-6.2047	87.081	-19.58	-17.662	-4.168
111.83	-73.896	-54.188	10.433	-6.2047	-32.919	-15.58	-42.662	-16.708
111.83	-73.896	-54.188	10.433	-6.2047	-32.919	-15.58	-17.662	3.762
111.83	-73.896	-54.188	10.433	-6.2047	-32.919	-15.58	44.338	12.972
100.83	-73.896	-54.188	3.4327	-6.2047	74.081	-34.58	-38.662	-11.818
100.83	-73.896	-54.188	3.4327	-6.2047	74.081	-34.58	-17.662	1.602
-29.168	-73.896	-54.188	4.4327	-6.2047	138.08	10.42	-38.662	-24.348
-29.168	-73.896	-54.188	3.4327	-6.2047	138.08	10.42	-17.662	-16.128
28.832	-73.896	-54.188	10.433	-6.2047	-2.9189	76.42	-38.662	-20.828
28.832	-73.896	-54.188	10.433	-6.2047	-2.9189	76.42	-17.662	-7.898
28.832	-73.896	-54.188	10.433	-6.2047	-2.9189	76.42	44.338	-1.138
28.832	-73.896	-54.188	10.433	-6.2047	-2.9189	76.42	134.34	1.512
28.832	-73.896	-54.188	10.433	-6.2047	-2.9189	76.42	314.34	2.292
243.83	-73.896	-54.188	7.4327	-6.2047	152.08	-160.58	-42.662	-2.018
243.83	-73.896	-54.188	7.4327	-6.2047	152.08	-160.58	-38.662	6.602
243.83	-73.896	-54.188	7.4327	-6.2047	152.08	-160.58	-31.662	12.582
243.83	-73.896	-54.188	7.4327	-6.2047	152.08	-160.58	-17.662	20.122
243.83	-73.896	-54.188	7.4327	-6.2047	152.08	-160.58	44.338	22.962
243.83	-73.896	-54.188	7.4327	-6.2047	152.08	-160.58	224.34	31.292
40.832	-73.896	-54.188	21.433	-6.2047	1.0811	26.42	-31.662	-15.048
40.832	-73.896	-54.188	21.433	-6.2047	1.0811	26.42	-17.662	-10.638
40.832	-73.896	-54.188	21.433	-6.2047	1.0811	26.42	134.34	-6.228
20.832	-73.896	-54.188	21.433	-6.2047	1.0811	43.42	-17.662	-14.068
115.83	-73.896	-54.188	3.4327	-6.2047	67.081	-39.58	-17.662	3.272
198.83	-73.896	-54.188	10.433	-6.2047	-36.919	-52.58	-42.662	-11.428
240.83	-73.896	-54.188	-35.567	-6.2047	-76.919	122.42	-38.662	14.692
240.83	-73.896	-54.188	-35.567	-6.2047	-76.919	122.42	-17.662	39.172
-8.1679	31.104	27.812	28.433	2.7953	-68.919	-93.58	-17.662	1.352
-119.17	116.1	93.812	-2.5673	12.795	-134.92	-32.58	-17.662	-2.058
-127.17	70.104	57.812	38.433	3.7953	-49.919	-115.58	-17.662	-19.318
-134.17	41.104	34.812	20.433	2.7953	-112.92	55.42	-17.662	-15.828
-129.17	104.1	84.812	-13.567	11.795	-28.919	-78.58	-17.662	0.53204
28.832	69.104	56.812	-13.567	15.795	-58.919	-122.58	-17.662	-2.128
-137.17	-73.896	120.81	-23.567	11.795	-29.919	70.42	-17.662	-20.398
22.832	66.104	-54.188	32.433	-0.20466	-77.919	-51.58	-17.662	-2.398
92.832	-73.896	-54.188	8.4327	0.79534	40.081	-43.58	-17.662	3.232
-122.17	75.104	61.812	-6.5673	8.7953	-19.919	-53.58	-17.662	-8.138
-128.17	165.1	-54.188	18.433	-0.20466	29.081	-89.58	-17.662	-8.958
28.832	69.104	-54.188	-13.567	3.7953	-58.919	30.42	-17.662	9.482
23.832	-73.896	45.812	14.433	3.7953	-13.919	-68.58	-17.662	-5.698
-130.17	-73.896	129.81	-14.567	5.7953	18.081	-1.5805	-17.662	-20.248
-139.17	93.104	75.812	-7.5673	4.7953	-89.919	11.42	-17.662	8.792
16.832	63.104	52.812	19.433	-0.20466	-94.919	-118.58	-17.662	17.702
39.832	90.104	-54.188	8.4327	-1.2047	-102.92	0.41951	-17.662	21.392
84.832	113.1	-54.188	9.4327	0.79534	-148.92	-16.58	-17.662	30.092
-1.1679	55.104	45.812	-9.5673	2.7953	-147.92	31.42	-17.662	17.002
-29.168	23.104	21.812	12.433	1.7953	-137.92	47.42	-17.662	-2.418
-116.17	-73.896	95.812	0.43272	5.7953	50.081	-44.58	-17.662	-17.788
-125.17	169.1	-54.188	-1.5673	4.7953	49.081	-75.58	-17.662	1.542
-121.17	114.1	91.812	21.433	4.7953	-143.92	-63.58	-17.662	-2.978
16.832	-73.896	52.812	4.4327	-0.20466	-93.919	41.42	-17.662	6.822
36.832	-73.896	71.812	28.433	-0.20466	-111.92	-36.58	-17.662	4.242
5.8321	47.104	39.812	6.4327	2.7953	-68.919	-77.58	-17.662	6.122
44.832	92.104	-54.188	-7.5673	2.7953	-90.919	16.42	-17.662	25.412
74.832	-73.896	87.812	11.433	4.7953	-171.92	4.4195	-17.662	5.052
-149.17	133.1	106.81	-2.5673	-1.2047	-105.92	-37.58	-17.662	-2.518
40.832	75.104	-54.188	4.4327	1.7953	-21.919	-64.58	-17.662	16.602
-117.17	-73.896	145.81	-0.56728	6.7953	-123.92	72.42	-17.662	-20.728
32.832	-73.896	58.812	-11.567	3.7953	-47.919	9.4195	-17.662	2.642
39.832	-73.896	73.812	0.43272	4.7953	-102.92	6.4195	-17.662	1.442
-141.17	90.104	73.812	55.433	-0.20466	-103.92	-117.58	-17.662	-0.58796
6.8321	47.104	-54.188	-4.5673	0.79534	-64.919	55.42	-17.662	6.312
16.832	-73.896	52.812	28.433	4.7953	-92.919	-29.58	-17.662	-3.948
-16.168	37.104	31.812	13.433	-0.20466	-139.92	16.42	-17.662	5.722
-121.17	176.1	-54.188	-13.567	5.7953	76.081	-85.58	-17.662	3.632
-115.17	186.1	-54.188	1.4327	6.7953	-113.92	53.42	-17.662	2.092
-5.1679	42.104	35.812	-1.5673	2.7953	-102.92	-5.5805	-17.662	8.462
40.832	-73.896	61.812	14.433	3.7953	-154.92	39.42	-17.662	-4.638
-132.17	65.104	54.812	11.433	-0.20466	-80.919	6.4195	-17.662	-12.128
-122.17	113.1	-54.188	-5.5673	4.7953	17.081	15.42	-17.662	-3.058
-20.168	26.104	23.812	19.433	2.7953	-108.92	-12.58	-17.662	-3.418
-44.168	18.104	16.812	65.433	-0.20466	-119.92	-78.58	-17.662	-7.188
31.832	-73.896	58.812	-3.5673	1.7953	29.081	-84.58	-17.662	0.98204
-126.17	109.1	-54.188	11.433	2.7953	74.081	-76.58	-17.662	-17.538
-135.17	156.1	-54.188	20.433	-3.2047	-145.92	98.42	-17.662	-2.758
14.832	-73.896	52.812	39.433	4.7953	-153.92	4.4195	-17.662	-4.398
-148.17	136.1	-54.188	14.433	-3.2047	-23.919	21.42	-17.662	-4.788
31.832	71.104	-54.188	-3.5673	1.7953	-105.92	50.42	-17.662	8.572
-129.17	-73.896	57.812	2.4327	1.7953	19.081	42.42	-17.662	-23.638
-128.17	71.104	58.812	-3.5673	1.7953	29.081	-84.58	-17.662	-10.258
-141.17	59.104	48.812	18.433	0.79534	-56.919	-20.58	-17.662	0.62204
-132.17	162.1	-54.188	-5.5673	6.7953	-125.92	119.42	-17.662	-2.858
18.832	-73.896	65.812	30.433	3.7953	-94.919	-45.58	-17.662	-11.978
-128.17	71.104	58.812	-3.5673	1.7953	-105.92	50.42	-17.662	-9.588
-133.17	-73.896	82.812	-23.567	9.7953	29.081	56.42	-17.662	-17.868
44.832	-73.896	83.812	17.433	4.7953	-171.92	18.42	-17.662	4.862
-128.17	71.104	-54.188	-3.5673	1.7953	27.081	48.42	-17.662	-16.808
-19.168	37.104	31.812	13.433	-1.2047	-77.919	-40.58	-17.662	-2.098
-123.17	-73.896	140.81	38.433	4.7953	-74.919	-60.58	-17.662	-27.278
-130.17	-73.896	130.81	-14.567	9.7953	101.08	-95.58	-17.662	-22.358
-8.1679	-73.896	35.812	17.433	4.7953	-41.919	-11.58	-17.662	-3.578
-132.17	44.104	37.812	1.4327	0.79534	-19.919	6.4195	-17.662	-12.298
-138.17	95.104	88.812	9.4327	1.7953	-5.9189	-130.58	-17.662	-6.098
-21.168	27.104	23.812	-10.567	3.7953	-36.919	-10.58	-17.662	13.952
31.832	87.104	-54.188	-3.5673	3.7953	-55.919	-14.58	-17.662	16.622
2.8321	46.104	-54.188	-13.567	0.79534	-2.9189	20.42	-17.662	5.112
54.832	-73.896	-54.188	0.43272	-3.2047	13.081	43.42	-17.662	9.042
-136.17	-73.896	79.812	-0.56728	4.7953	6.0811	38.42	-17.662	-22.618
-131.17	163.1	-54.188	-7.5673	5.7953	96.081	-98.58	-17.662	1.612
-137.17	96.104	78.812	10.433	1.7953	-158.92	31.42	-17.662	-5.948
49.832	96.104	-54.188	13.433	1.7953	-161.92	28.42	-17.662	20.792
-126.17	-73.896	88.812	11.433	2.7953	74.081	-76.58	-17.662	-23.358
-126.17	109.1	-54.188	11.433	2.7953	-95.919	94.42	-17.662	-12.028
-146.17	-73.896	111.81	-1.5673	3.7953	-11.919	31.42	-17.662	-22.528
-15.168	38.104	32.812	-3.5673	3.7953	-62.919	-28.58	-17.662	3.602
32.832	71.104	58.812	-2.5673	1.7953	-103.92	-83.58	-17.662	10.412
31.832	71.104	-54.188	-54.567	1.7953	27.081	48.42	-17.662	8.702
-135.17	99.104	-54.188	0.43272	-3.2047	13.081	43.42	-17.662	-12.078
-137.17	62.104	51.812	-3.5673	0.79534	-31.919	0.41951	-17.662	-9.678
-133.17	-73.896	127.81	-0.56728	8.7953	-133.92	110.42	-17.662	-20.298
-4.1679	43.104	36.812	9.4327	0.79534	-26.919	-107.58	-17.662	7.752
16.832	-73.896	52.812	-17.567	6.7953	-19.919	10.42	-17.662	0.042039
31.832	71.104	-54.188	-3.5673	1.7953	29.081	-84.58	-17.662	5.232
-126.17	110.1	88.812	12.433	2.7953	-92.919	-74.58	-17.662	-6.828
7.8321	60.104	-54.188	13.433	-0.20466	-48.919	-13.58	-17.662	10.422
-133.17	101.1	-54.188	-10.567	-4.2047	27.081	54.42	-17.662	-8.898
-136.17	-73.896	124.81	20.433	1.7953	-148.92	95.42	-17.662	-25.278
31.832	-73.896	-54.188	-3.5673	1.7953	27.081	48.42	-17.662	-10.718
-145.17	88.104	71.812	-9.5673	3.7953	-49.919	-9.5805	-17.662	-6.748
-126.17	-73.896	88.812	11.433	2.7953	-95.919	94.42	-17.662	-26.078
-26.168	25.104	22.812	7.4327	-0.20466	-53.919	-24.58	-17.662	-2.018
-119.17	133.1	117.81	34.433	3.7953	-150.92	-135.58	-17.662	4.022
-145.17	122.1	43.812	17.433	-0.20466	-125.92	9.4195	-17.662	-8.848
-117.17	89.104	73.812	15.433	1.7953	-11.919	-132.58	-17.662	-8.588
-119.17	140.1	109.81	20.433	3.7953	-152.92	-93.58	-17.662	-5.168
-124.17	140.1	97.812	18.433	2.7953	-153.92	-69.58	-17.662	-2.768
-132.17	79.104	139.81	10.433	1.7953	-37.919	-150.58	-17.662	-11.238
-146.17	31.104	138.81	14.433	-0.20466	-7.9189	-130.58	-17.662	-13.908
-122.17	135.1	106.81	19.433	0.79534	-124.92	-104.58	-17.662	-4.938
-137.17	-58.896	140.81	-5.5673	-0.20466	48.081	-64.58	-17.662	-20.478
-127.17	100.1	130.81	46.433	0.79534	-127.92	-161.58	-17.662	-11.478
-114.17	113.1	140.81	3.4327	0.79534	-74.919	-137.58	-17.662	-11.928
-97.168	12.104	135.81	31.433	-0.20466	-49.919	-150.58	-17.662	-12.888
-125.17	104.1	132.81	39.433	0.79534	-118.92	-159.58	-17.662	-6.408
-44.268	17.804	17.312	65.333	-0.20466	-120.02	-78.18	-17.662	-7.188
32.132	-73.896	58.812	-3.0673	1.7953	28.981	-84.88	-17.662	0.98204
-126.37	109.5	-54.188	11.733	2.8953	74.481	-76.88	-17.662	-17.528
-135.27	156.6	-54.188	20.933	-2.8047	-145.92	98.22	-17.662	-3.098
14.832	-73.896	52.512	39.833	4.2953	-153.72	4.8195	-17.662	-4.398
-148.07	136.3	-54.188	14.133	-3.1047	-23.519	21.72	-17.662	-6.878
32.132	71.104	-54.188	-3.0673	1.7953	-105.72	50.42	-17.662	5.112
-129.57	-73.896	57.712	2.8327	1.6953	19.081	42.32	-17.662	-23.638
-128.07	71.104	58.812	-3.0673	1.7953	28.981	-84.88	-17.662	-10.258
-141.27	58.704	49.112	18.733	1.1953	-56.919	-20.18	-17.662	0.62204
-131.67	162.1	-54.188	-5.7673	6.3953	-126.12	119.12	-17.662	-2.858
18.632	-73.896	65.612	29.933	3.6953	-94.719	-45.98	-17.662	-11.978
-128.07	71.104	58.812	-3.0673	1.7953	-105.72	50.42	-17.662	-9.588
-133.07	-73.896	82.412	-23.467	9.8953	28.881	56.52	-17.662	-17.858
45.332	-73.896	83.712	17.433	4.5953	-171.82	18.92	-17.662	2.812
-128.47	70.804	-54.188	-3.4673	1.7953	26.781	48.62	-17.662	-16.808
-19.268	36.604	31.912	13.833	-1.2047	-77.719	-40.98	-17.662	-2.098
-122.77	-73.896	140.71	38.133	4.7953	-75.219	-60.68	-17.662	-27.278
-130.47	-73.896	131.11	-14.867	9.3953	101.58	-95.58	-17.662	-22.358
-8.5679	-73.896	35.412	17.133	4.3953	-41.619	-11.38	-17.662	-3.568
-132.17	43.704	37.512	1.3327	0.89534	-19.519	6.7195	-17.662	-12.298
-138.17	95.504	88.512	9.1327	2.1953	-5.5189	-130.08	-17.662	-6.088
-21.268	26.704	24.212	-10.967	4.1953	-37.219	-10.68	-17.662	13.952
31.732	86.604	-54.188	-3.9673	3.3953	-56.319	-14.08	-17.662	16.632
2.8321	45.804	-54.188	-13.267	0.99534	-2.5189	20.62	-17.662	5.112
55.332	-73.896	-54.188	0.33272	-2.8047	12.881	43.22	-17.662	9.052
-136.37	-73.896	79.412	-0.76728	4.8953	6.5811	37.92	-17.662	-22.618
-131.17	162.9	-54.188	-7.7673	5.6953	96.381	-98.78	-17.662	1.612
-137.47	96.304	78.412	10.033	2.2953	-158.82	31.72	-17.662	-5.948
49.332	95.704	-54.188	13.333	1.8953	-161.92	28.72	-17.662	20.802
-126.37	-73.896	88.612	11.733	2.8953	74.481	-76.88	-17.662	-23.358
-126.37	109.5	-54.188	11.733	2.8953	-95.719	94.12	-17.662	-12.028
-146.47	-73.896	111.51	-1.3673	3.7953	-11.919	31.32	-17.662	-22.528
-14.968	38.404	33.312	-3.6673	4.1953	-63.219	-29.08	-17.662	3.602
32.832	71.404	59.012	-2.6673	1.7953	-103.82	-83.38	-17.662	10.412
31.532	70.804	-54.188	-54.267	1.7953	26.781	48.62	-17.662	8.702
-135.47	98.704	-54.188	0.33272	-2.8047	12.881	43.22	-17.662	-12.078
-137.37	62.404	52.012	-3.4673	1.2953	-31.419	0.71951	-17.662	-9.668
-133.07	-73.896	127.91	-0.16728	8.7953	-134.02	110.72	-17.662	-20.288
-4.1679	42.904	36.812	9.0327	0.79534	-26.419	-107.98	-17.662	7.762
16.932	-73.896	53.312	-17.967	6.5953	-19.719	10.42	-17.662	0.052039
32.132	71.104	-54.188	-3.0673	1.7953	28.981	-84.88	-17.662	5.232
-125.97	110.0	89.012	12.233	2.9953	-93.319	-75.08	-17.662	-6.828
7.8321	59.804	-54.188	13.333	-0.70466	-48.819	-13.48	-17.662	10.432
-133.37	101.2	-54.188	-10.367	-4.0047	27.081	54.92	-17.662	-8.898
-135.77	-73.896	124.71	20.133	1.5953	-148.92	95.12	-17.662	-25.278
31.532	-73.896	-54.188	-3.4673	1.7953	26.781	48.62	-17.662	-10.718
-144.77	87.704	71.612	-9.9673	4.1953	-50.319	-9.1805	-17.662	-6.748
-126.37	-73.896	88.612	11.733	2.8953	-95.719	94.12	-17.662	-26.078
-25.868	24.904	22.812	7.0327	0.29534	-53.919	-24.28	-17.662	-2.018
-8.3679	31.204	27.612	28.133	2.7953	-68.919	-93.88	-17.662	1.352
-119.17	116.2	93.912	-2.7673	12.595	-134.82	-32.18	-17.662	-2.058
-127.57	70.304	58.112	38.533	3.8953	-49.719	-115.68	-17.662	-19.318
-134.67	40.704	35.112	20.333	2.5953	-112.92	55.92	-17.662	-15.828
-129.37	104.2	84.512	-14.067	12.095	-28.919	-78.98	-17.662	0.53204
28.732	68.904	57.012	-13.767	15.895	-59.019	-122.38	-17.662	2.402
-137.57	-73.896	120.71	-23.167	11.695	-30.219	70.92	-17.662	-20.398
22.432	66.004	-54.188	31.933	-0.0046602	-77.419	-51.08	-17.662	-2.398
93.132	-73.896	-54.188	8.6327	0.49534	40.281	-43.18	-17.662	3.242
-122.57	75.004	61.812	-6.4673	8.7953	-19.619	-53.88	-17.662	-8.138
-128.57	164.8	-54.188	18.433	0.09534	28.881	-89.68	-17.662	-8.958
28.832	68.904	-54.188	-13.667	3.7953	-58.619	30.42	-17.662	9.482
23.632	-73.896	45.412	14.433	3.5953	-13.519	-68.38	-17.662	-5.698
-130.27	-73.896	129.71	-14.967	5.3953	18.281	-1.3805	-17.662	-20.248
-139.27	92.704	75.512	-8.0673	4.6953	-90.319	11.72	-17.662	8.792
16.632	63.304	52.712	19.733	-0.20466	-94.519	-118.28	-17.662	17.702
40.132	90.304	-54.188	8.9327	-1.6047	-102.92	0.41951	-17.662	21.402
84.832	113.1	-54.188	9.7327	0.39534	-148.62	-16.68	-17.662	30.092
-1.3679	55.004	46.212	-9.1673	3.2953	-147.82	31.32	-17.662	17.012
-29.068	23.204	21.412	12.233	2.0953	-137.42	47.82	-17.662	-2.418
-116.57	-73.896	96.212	0.032718	5.4953	50.381	-44.68	-17.662	-17.788
-125.57	169.6	-54.188	-1.2673	4.4953	49.081	-75.88	-17.662	1.542
-120.97	114.1	92.212	21.633	5.0953	-144.22	-63.88	-17.662	-0.50796
16.932	-73.896	52.812	4.8327	-0.10466	-93.919	41.62	-17.662	6.822
36.732	-73.896	72.312	28.133	-0.50466	-112.42	-36.98	-17.662	4.242
6.1321	46.604	39.712	6.0327	2.9953	-68.519	-77.68	-17.662	7.982
44.432	92.504	-54.188	-7.5673	2.6953	-91.319	16.42	-17.662	25.422
74.732	-73.896	87.412	11.733	4.7953	-171.52	4.8195	-17.662	5.052
-149.17	132.6	106.71	-2.6673	-0.70466	-106.02	-37.98	-17.662	-2.508
41.332	74.704	-54.188	4.2327	2.2953	-21.919	-64.08	-17.662	16.612
-116.97	-73.896	145.91	-0.36728	6.3953	-123.62	72.42	-17.662	-20.728
32.632	-73.896	58.412	-11.667	3.8953	-47.619	9.3195	-17.662	2.642
40.232	-73.896	73.712	0.93272	5.2953	-102.82	6.1195	-17.662	1.452
-141.47	90.004	73.512	55.133	-0.40466	-104.32	-117.98	-17.662	-0.58796
7.2321	47.104	-54.188	-4.1673	0.79534	-65.019	55.92	-17.662	6.322
17.032	-73.896	52.812	28.133	4.8953	-93.319	-29.38	-17.662	-3.938
-16.668	37.104	32.312	13.933	-0.30466	-140.32	16.82	-17.662	5.722
-121.37	176.1	-54.188	-13.167	5.9953	76.381	-85.38	-17.662	3.642
-115.17	185.8	-54.188	1.6327	6.4953	-114.12	53.22	-17.662	2.102
-4.7679	42.104	36.112	-1.9673	2.6953	-102.82	-5.2805	-17.662	8.462
41.032	-73.896	61.412	14.433	4.1953	-155.02	39.82	-17.662	-4.638
-132.67	65.504	54.412	11.133	-0.10466	-80.519	6.4195	-17.662	-12.118
-122.07	112.8	-54.188	-5.9673	5.0953	16.681	15.32	-17.662	-3.048
-20.268	26.604	24.112	19.033	2.3953	-108.42	-12.08	-17.662	-3.418
