254
383
509
802
388
170
779
456
470
1231
918
204
680
288
438
1240
1438
484
801
232
3
1445
1297
1278
1269
1547
1238
947
568
1598
1199
353
1134
746
354
937
585
1477
592
1447
1323
784
199
183
25
1116
738
466
422
483
328
1210
690
681
500
905
1167
752
740
913
482
27
939
606
245
837
1087
954
556
1375
671
1478
1561
15
928
309
325
602
772
1059
847
1062
892
580
1512
1049
569
472
1204
497
1042
587
286
748
601
1544
637
1097
8
381
923
1587
366
1472
1002
783
550
240
534
249
141
1090
252
1379
646
1408
34
158
929
1560
754
420
770
444
45
1393
1329
1041
885
223
1320
605
590
1595
35
732
516
797
1522
64
1157
731
628
149
1454
94
736
586
503
618
1535
904
18
1384
617
1129
948
468
1061
1195
58
1036
1241
1325
553
695
989
1525
1124
1265
669
1432
180
747
1037
865
924
1051
944
1244
615
655
812
912
394
687
347
279
768
291
23
1412
55
358
78
1249
1281
1328
1506
935
1370
350
1338
297
28
1086
275
571
1388
495
1203
949
475
344
150
1023
1406
868
552
1000
1048
1337
1287
285
1411
157
1289
1314
74
808
1140
860
298
1189
1330
572
1081
1546
807
648
925
1110
930
267
1246
785
986
164
292
846
1543
175
1234
1260
1433
57
713
1242
1508
625
890
1319
167
174
541
244
320
54
624
1043
280
853
399
377
281
368
1121
1077
127
599
1331
92
1366
653
1255
664
842
674
1205
883
527
458
621
520
619
361
692
735
1397
243
858
419
1125
545
1348
839
614
62
914
934
880
418
1420
454
891
505
1099
1065
263
1509
403
627
703
1294
668
1399
1359
1076
1272
836
771
915
979
724
5
29
737
1556
392
1232
1165
1038
877
539
117
1053
707
1466
1402
1479
543
1179
404
1024
189
99
1291
1470
201
1013
1303
190
43
259
548
1378
173
237
1021
832
439
1464
26
1055
1283
743
723
1494
492
410
1523
1122
525
485
266
709
321
867
888
739
1404
416
1354
559
931
661
1487
302
477
72
1596
1211
1390
1156
86
1017
1518
1537
274
152
1216
878
1582
1345
351
437
1104
1436
1263
555
1145
515
1471
969
270
1526
1251
1271
540
780
60
310
396
1371
921
194
859
1268
144
1102
811
233
1069
369
1373
679
1196
1568
384
708
1194
575
178
675
1564
795
1105
1353
1295
594
983
1590
1574
616
1094
761
269
1553
657
329
1245
1358
1346
1361
337
417
83
1352
805
1139
1333
776
1342
326
1225
11
1554
1451
1307
651
710
412
207
523
978
1222
901
457
1070
395
165
685
370
636
623
1446
277
961
530
1052
852
820
1341
1343
1372
1398
728
809
1039
1440
844
1120
1322
955
566
849
1258
448
1218
745
1138
451
1033
140
1080
1458
1254
992
176
1015
1057
720
185
1079
1413
1565
1559
876
775
908
427
1513
1286
1088
1229
1449
942
579
133
1462
856
688
656
153
926
985
443
168
163
1450
814
662
1385
604
682
824
246
166
821
973
161
727
1071
1514
647
1573
1459
1381
119
469
82
990
712
1569
1109
1243
1441
982
1474
1386
1581
197
673
833
1188
1481
255
465
1277
815
441
789
209
202
1503
996
332
105
1060
1063
1558
222
510
529
118
195
506
1182
1056
1571
1493
641
1068
128
966
1484
1098
1262
699
603
1224
694
881
570
583
435
251
900
1284
889
1427
588
32
376
1050
1594
1334
521
798
126
20
826
1448
106
818
1489
702
36
536
1135
855
498
211
401
957
308
1423
742
511
697
999
1247
1026
1201
670
1317
125
1350
84
875
551
348
1528
1511
1220
490
188
10
959
1031
90
380
268
508
131
1293
432
1257
1073
1014
154
1542
79
533
203
1025
1168
276
1531
1310
850
1520
46
271
765
1148
4
822
397
184
217
512
1273
1545
1259
16
1318
633
639
305
1066
1492
122
1429
972
447
88
378
938
1552
1519
1083
1391
872
1304
1572
873
819
1267
0
139
899
535
440
171
991
691
1174
391
312
1389
1321
1028
1460
640
1369
1431
980
1499
299
774
21
562
1347
1392
1181
607
9
123
676
59
705
48
494
295
654
582
110
800
1119
1214
471
1006
1401
700
463
919
1091
630
759
1457
1127
434
610
596
650
729
903
77
718
248
958
838
1377
349
433
882
2
491
1280
1151
941
283
565
1221
1146
120
69
684
423
734
574
38
461
407
1534
115
108
231
1421
49
172
1527
1308
250
1313
196
19
977
1173
696
400
31
997
1501
1435
557
652
841
787
513
317
1130
1078
1405
995
187
6
357
1363
981
524
1161
1128
663
791
1422
1434
97
1516
327
1040
130
1197
239
1551
943
428
1463
1529
22
446
756
73
1563
660
749
14
1410
1530
1012
638
47
686
39
1004
413
459
1007
1316
496
290
1027
186
227
1171
137
1418
177
1415
265
595
1235
563
1585
493
415
945
843
362
241
1306
479
804
1407
481
363
631
1355
66
1562
293
334
863
501
984
823
91
335
352
963
561
1480
1336
946
532
560
98
1089
704
132
1166
182
304
406
193
612
1142
151
142
1468
1425
430
518
698
1566
1237
1219
831
750
1001
1208
788
879
974
272
374
1357
1315
1084
278
1437
951
793
1367
502
96
677
635
683
336
89
455
303
644
1207
922
1261
95
1533
777
1584
1175
1019
467
971
813
273
609
898
514
1475
1264
1344
1160
360
796
665
1292
306
1184
478
257
1486
1217
1169
225
314
253
1351
1117
716
1532
1153
1256
1349
1456
1497
214
1170
803
1285
113
224
741
1279
626
442
622
1305
1111
762
372
920
519
1147
835
414
436
1018
162
1383
1296
1215
1209
318
339
402
1549
1491
1176
1439
1476
564
81
507
1461
405
1270
1524
1282
102
1239
517
1198
210
367
642
773
247
235
1414
547
452
806
721
714
1233
1538
1112
212
597
76
827
1550
1409
744
421
262
1467
385
476
1163
1193
486
760
426
287
542
138
1578
893
953
121
1365
294
1396
725
866
1010
828
75
114
988
848
330
169
1101
993
1288
1597
316
1186
1430
143
1586
1095
1517
1455
589
965
620
424
998
63
1382
1035
810
1591
970
386
1311
1003
1326
85
371
758
504
755
1133
37
613
906
1482
296
192
874
790
1557
135
56
356
70
1253
910
264
1577
322
786
473
1580
1107
359
1395
1183
41
825
719
769
1029
950
13
1226
100
549
757
1403
1419
1360
1502
1162
445
600
101
643
994
987
733
817
160
1416
693
936
1011
902
1185
1159
234
1469
44
1364
1118
968
1592
1339
634
93
1236
155
573
932
1200
672
398
1496
1009
311
591
1150
1132
111
1082
706
1356
1588
1452
689
1016
124
1100
522
300
1022
976
324
1324
526
1495
67
1576
1507
1177
962
345
577
1488
489
1555
861
1072
393
1485
319
1064
611
346
1498
666
751
145
1047
975
869
567
649
1250
1075
338
258
449
857
1136
1428
554
333
1230
1152
200
474
933
538
206
198
389
911
134
181
766
1276
236
629
667
1589
1131
1539
1054
261
1541
315
645
40
593
146
722
80
107
7
216
1248
1115
116
678
1473
854
342
307
1266
219
17
1362
1536
147
1030
1137
375
608
1443
1500
1144
1368
864
1426
782
1046
226
487
1113
52
1008
12
313
816
284
1515
364
584
862
488
894
967
408
884
355
1540
764
1212
129
104
1301
907
871
887
425
1005
829
1453
159
373
1548
382
431
215
340
1149
964
781
528
1376
50
598
1192
221
1290
1275
581
834
343
578
1570
205
