1566
1219
1307
1577
1175
726
1452
30
803
241
1412
378
1267
1435
1073
308
33
1568
651
1027
483
1315
751
694
1461
595
1390
649
1349
1500
456
501
898
1538
1494
720
641
287
907
160
339
1512
1260
871
283
845
991
441
1596
1322
1446
1119
208
759
773
1147
276
357
1241
780
1085
721
1254
1376
962
1350
1295
1384
854
1120
770
870
555
756
1572
142
1237
1429
109
1573
795
180
680
151
62
1474
1189
697
1003
14
1028
214
193
1115
400
996
471
171
941
747
1579
383
1521
945
445
1589
440
700
92
706
1089
775
619
983
122
332
203
1480
462
711
253
912
606
99
263
1035
863
1362
850
1214
936
362
271
266
284
1039
935
1396
1083
515
1408
799
1217
1326
1149
111
1006
295
560
1553
932
1075
1389
1364
1158
714
778
488
274
1323
1130
1135
302
1249
1313
278
482
847
1466
618
1516
474
132
495
410
1180
1567
628
798
130
1196
964
1539
939
1157
1044
831
335
1562
1423
1278
1056
352
1301
1086
528
1066
249
336
386
712
540
569
1545
1401
1332
1445
1132
718
197
1128
836
385
817
529
1144
219
1552
174
1281
290
1357
1223
942
1542
1316
1072
1215
792
55
144
639
1471
1005
126
883
163
636
980
1407
1283
202
47
509
1058
1109
1541
374
391
839
1335
1228
1191
117
592
1188
1197
1224
1211
527
10
874
853
1099
1282
1406
646
292
749
461
116
823
124
924
1303
496
578
1473
878
1063
262
926
97
1138
390
750
80
5
1065
45
1114
937
1068
1576
1023
54
1246
612
1431
769
162
420
175
273
1358
723
255
1041
1458
294
1016
1463
1151
903
1227
1251
233
695
1239
835
1015
225
1139
858
1351
466
998
270
1009
1081
1181
1527
556
1106
729
596
15
502
69
313
549
463
611
395
1575
75
229
564
23
1325
216
617
1025
686
1208
929
558
658
1110
34
1483
1020
886
665
1165
594
568
1124
1146
201
1468
1148
235
545
1291
581
1001
415
1504
1597
436
1334
772
1174
1312
624
423
1594
1167
464
776
830
418
783
841
1154
499
384
1300
485
946
1363
1354
753
933
64
1255
1198
523
701
490
644
1296
1517
1244
1411
1444
24
1306
477
1137
928
691
906
995
580
4
1194
1404
957
804
667
621
744
492
1229
426
196
26
791
13
505
305
412
1328
429
859
1221
866
121
251
1047
690
1121
1497
554
134
1242
1394
1398
56
1040
1583
349
1491
1348
1400
741
668
1031
1190
1563
396
345
552
725
50
652
669
607
814
1125
576
405
974
469
498
548
1369
1507
806
500
1236
369
522
1257
1534
1598
185
613
90
1100
1200
892
880
960
632
526
280
265
857
743
199
394
252
1226
623
1454
970
1595
22
289
559
31
248
277
61
1079
209
146
1053
707
986
1202
683
1046
736
1142
848
703
1252
1080
1230
664
1441
884
1456
398
254
342
717
1540
128
351
1233
940
754
1082
516
1059
1342
213
1550
642
1522
1311
1581
631
1403
40
300
433
1171
108
365
1329
98
1034
1555
309
1017
1496
260
656
27
487
637
588
705
107
891
154
346
1374
1261
1386
1430
182
129
269
1287
1284
388
1356
1343
1288
681
0
323
347
1593
1271
320
94
228
57
1265
1549
1170
65
86
1535
1108
291
1305
984
678
921
322
1164
879
1074
76
279
1299
531
746
424
1013
387
1253
166
301
1318
1123
920
1010
226
1460
1061
888
973
842
377
1002
763
1449
89
1070
258
825
1532
131
1526
1166
1544
316
931
684
1248
227
944
666
508
1437
748
113
958
643
407
81
513
1413
567
897
702
136
629
87
217
1391
460
1344
1275
1513
869
267
1476
1508
1346
1475
1361
194
211
341
846
1565
36
259
1353
204
1129
1582
272
1101
186
38
1428
1243
815
1505
737
826
1302
827
519
158
246
572
314
1422
467
787
1377
1186
1049
1155
662
473
909
557
156
722
1341
1266
1036
1414
1201
740
1067
392
794
640
738
39
457
58
1486
41
1336
439
434
834
71
676
867
168
358
1112
66
657
975
1397
1317
1269
165
532
1286
784
824
1462
414
1162
157
268
112
961
95
599
1150
647
1238
222
344
1574
172
288
1378
104
1057
1087
1405
675
1078
1262
655
541
1042
1371
1210
1055
782
1385
1206
1240
465
704
601
1487
1592
148
626
303
1184
663
966
965
543
59
1409
1212
159
1509
37
546
1216
1131
1434
359
446
331
468
1485
286
1370
861
220
239
1359
1245
393
100
486
1205
1380
832
829
127
135
367
1143
1360
685
916
1379
1455
521
198
927
181
598
458
1096
319
730
600
510
677
73
1193
223
232
967
1033
1277
809
1319
573
355
44
96
990
1274
176
293
1382
1393
922
449
1481
512
732
231
951
2
1018
409
994
1097
969
240
397
1294
981
1585
1502
1153
713
910
518
849
310
710
671
1503
442
925
1256
1560
551
872
327
411
1426
648
1090
224
917
988
582
1310
650
881
16
716
364
1469
1178
1514
1536
1133
264
1032
296
161
1037
389
325
205
788
1280
48
1330
60
1314
1207
1293
565
698
777
947
506
1590
167
79
210
1008
1107
538
1235
627
1285
1523
1533
1440
49
865
1490
1160
923
103
862
435
484
215
1381
899
1250
797
682
164
719
432
638
1524
1161
605
851
307
85
192
1443
570
1345
745
245
997
299
687
808
699
1195
451
575
959
1365
693
52
343
329
955
1225
6
63
153
1222
1045
1339
1324
480
43
852
504
1038
742
119
801
774
715
212
68
561
19
1094
360
1525
661
444
908
35
579
591
586
816
1022
930
1571
230
1564
1531
125
1159
51
840
328
1464
1591
976
311
1268
620
577
904
1209
376
985
1117
1495
856
735
32
1111
368
281
887
979
74
402
1298
42
999
1187
1273
593
184
1026
306
191
140
537
1515
1052
450
1482
1439
952
597
7
622
503
489
893
497
1547
1418
1004
338
949
800
110
1168
877
1331
1051
1141
28
553
275
1095
535
1043
1126
585
1584
860
1232
1105
790
493
733
1127
106
688
1069
525
491
1559
609
363
633
539
1433
1179
404
366
1417
20
1519
379
1448
406
1410
1000
78
318
673
9
448
978
562
953
238
425
1054
1520
1478
670
1416
550
1419
1366
472
421
183
1451
430
453
571
1459
1467
672
822
123
1543
1012
1588
1092
1529
1093
895
963
1272
950
507
18
762
1014
428
584
83
807
88
91
838
796
1122
918
53
353
1136
882
875
1368
630
381
914
179
1570
133
767
1289
757
1367
1084
689
1484
1321
786
1060
810
12
403
820
1327
348
885
785
1320
956
731
370
1338
1450
1247
819
1007
659
533
1263
987
1492
1172
139
1116
890
992
708
188
536
972
654
1102
408
625
1498
1279
1453
143
1537
247
1309
234
760
373
422
971
70
1333
1427
1048
1021
812
779
257
793
25
218
337
1557
948
1231
724
118
1337
1340
843
1104
802
653
1292
1176
29
660
1457
177
8
547
443
340
282
1387
1218
913
530
833
1402
206
380
330
1499
1030
1442
544
938
1511
1064
534
1088
1578
771
768
1185
1438
1177
511
587
789
1113
67
1465
692
1134
1062
1388
256
1258
417
1375
589
764
1103
1152
602
152
1556
761
187
1098
455
1518
1213
1424
1510
178
419
1145
1561
375
1530
333
93
1264
977
1077
781
1259
173
371
326
905
1050
954
765
911
1355
1425
297
416
896
739
437
84
1270
1432
431
195
236
1587
1415
1489
1308
604
1
919
1290
470
1156
298
614
242
1436
1554
900
563
1234
1372
479
755
155
