996
693
849
1409
594
162
1526
929
743
141
1521
605
1549
992
731
615
941
813
1593
1435
261
1027
223
495
1463
493
20
672
417
707
583
1327
1357
169
1008
1437
1411
552
1222
1047
5
915
17
503
367
133
1523
1075
1283
1329
145
109
1500
302
980
130
1103
374
917
454
659
64
160
1182
1124
149
266
432
1391
955
1067
1298
1583
826
334
128
1020
112
712
24
1253
70
381
442
1013
225
229
647
1060
6
1044
1591
685
808
1101
1429
120
822
671
1513
550
1102
1418
231
310
1300
796
586
287
1114
1589
280
1517
227
483
1133
1558
561
271
923
1041
1456
814
459
702
1587
589
844
247
1367
1496
1214
888
1366
1079
572
1129
885
1573
1245
1149
701
624
1571
1175
956
1307
428
1043
894
257
1126
314
859
246
304
1547
1424
509
1399
899
696
854
858
1427
114
1276
86
1309
1322
339
755
620
1141
132
1242
397
91
533
952
874
505
514
33
857
1099
361
1538
1370
864
1376
1438
585
1100
988
192
1183
710
799
781
994
286
724
1248
564
11
1432
1066
194
512
924
1094
1497
1193
570
202
415
499
315
92
431
766
1394
635
1304
1076
101
131
125
599
307
138
1290
1064
240
278
538
588
211
1006
959
1548
641
887
1483
1265
193
800
958
312
1177
97
335
1388
1292
1142
1170
464
649
1519
903
1293
111
19
922
856
555
591
1395
1005
949
974
1342
305
1233
178
1063
185
377
358
779
244
865
904
370
1592
928
660
1545
1330
123
1154
771
1305
317
780
1259
748
311
1036
106
683
368
1159
982
159
1167
824
989
1498
518
521
472
643
1169
126
1269
673
730
852
1382
1024
1524
289
1324
632
450
758
139
1434
1062
728
230
1110
692
355
1534
1467
1220
729
1396
1291
639
1400
1535
582
105
664
150
1379
378
205
458
1574
1310
1321
1315
1152
964
405
725
259
909
1055
650
626
597
940
1402
400
425
554
776
1296
485
38
354
1584
1144
1495
1448
77
1373
0
916
448
43
1489
1190
1107
860
321
1522
786
720
1454
1277
263
662
811
1146
815
906
636
619
373
1419
1168
479
1403
1039
1374
87
433
129
1537
1035
478
629
523
42
1051
1113
753
1132
1106
524
975
757
1143
165
1556
81
622
65
146
1029
991
7
439
816
1272
870
543
1045
569
714
1025
1135
1018
18
1166
189
1198
1280
1273
1525
1073
945
1138
4
362
357
476
895
827
1371
784
628
1347
93
536
613
1425
16
537
1333
398
1449
248
1554
218
1274
1577
1003
879
338
1334
1451
474
976
1120
420
746
83
1586
883
1482
777
925
497
528
768
666
1224
1377
1048
1019
566
960
260
283
713
1406
1540
1278
1560
486
889
709
1426
463
1295
1260
1162
745
1387
1257
268
1588
188
455
993
633
715
1178
1038
187
848
630
85
204
313
465
970
608
953
412
1559
318
1289
1404
353
1407
221
595
560
1249
1532
810
1474
667
297
1054
1378
532
1516
190
987
63
1417
546
737
451
1358
947
1034
203
25
835
679
404
821
1074
1085
527
986
687
435
548
1196
103
576
723
1216
331
115
501
1499
651
329
1479
456
14
1337
1557
49
817
545
1472
794
322
882
342
1164
1355
716
1127
688
201
1514
1510
170
295
969
525
886
1336
121
413
419
1360
772
468
438
557
1501
421
1093
1123
1446
749
410
863
884
787
763
1364
1202
1251
1032
364
137
1030
1201
22
1539
382
163
453
57
76
935
791
29
1230
625
515
346
1087
792
520
691
394
875
1553
944
902
726
830
1236
978
1485
116
60
1369
905
1294
871
134
1457
937
801
502
567
487
681
113
1561
1077
843
1158
819
290
943
869
1503
1530
1263
1386
441
46
744
1282
1389
1286
66
272
727
1423
562
842
94
1261
592
1163
1490
1215
2
143
979
995
1096
1115
279
1520
1056
489
1471
176
414
23
395
775
1288
738
215
658
365
1590
348
1542
1299
135
611
1579
645
607
61
13
1140
1594
1069
1204
21
593
1326
1428
1088
349
833
1194
186
78
907
1219
1477
1052
1148
1070
1255
252
429
1205
1568
1180
861
1172
1565
1033
1346
1252
50
1433
1
873
330
1010
596
1567
1297
1420
1576
36
356
1335
466
293
319
938
1235
1256
326
931
697
984
250
539
80
1528
198
255
1414
31
1091
254
942
881
1210
243
460
1031
602
84
1125
79
1058
1264
1160
1165
1372
1384
661
350
371
1116
519
220
15
517
447
1078
573
1014
1275
1311
37
316
1468
1083
262
698
47
308
1173
45
457
1016
1217
896
767
954
104
1470
492
1266
732
739
1186
411
323
452
1213
408
281
352
336
761
722
690
124
444
1442
890
1046
1312
846
1439
95
1231
108
1150
196
171
494
1441
89
1393
918
288
1195
436
598
834
788
508
1136
359
3
1187
423
855
1306
985
920
44
491
1544
376
427
762
717
1511
148
823
208
617
1362
347
388
147
214
1181
1234
1053
966
1238
1502
553
1240
406
769
795
1338
840
558
631
601
785
584
151
118
936
511
461
372
703
1340
482
971
878
1090
541
233
1450
1130
88
1271
1476
719
1564
1071
705
392
760
1390
35
383
1352
75
69
1436
168
674
224
1218
1268
303
1515
1494
741
872
736
1598
1185
399
526
927
1097
1363
579
670
292
1221
851
1459
913
209
1267
332
644
232
1563
306
968
156
764
173
237
603
1131
226
1380
351
1174
706
1453
294
1543
1421
1279
551
1465
234
522
828
1285
665
1353
742
1155
1365
774
961
1207
1447
409
386
718
1422
402
1250
56
253
341
48
1243
627
812
614
1325
1569
276
1487
1228
140
1004
360
1585
845
997
963
1203
379
179
249
678
327
900
535
166
480
606
1566
1229
948
219
274
587
422
939
228
770
119
832
490
507
1385
1065
1118
950
841
708
1430
62
1023
1332
333
1491
242
1059
282
445
180
213
1381
1444
1227
504
344
1359
1512
756
1057
206
1313
384
1527
638
1237
1572
1098
251
653
391
793
1211
1401
803
946
299
1412
275
1022
58
1318
446
568
1301
1546
258
1541
238
1028
1578
609
273
1104
654
1109
1469
559
1206
1323
1575
689
1254
1226
676
387
1086
245
157
637
40
618
34
1398
1508
27
1247
773
127
877
1145
1000
152
876
957
222
430
782
1092
983
1504
239
1596
1416
549
363
930
1112
102
798
1151
809
481
1179
933
919
1262
324
1486
184
390
610
1319
72
207
210
897
1506
850
831
750
416
529
1478
740
99
256
1341
1128
612
544
285
1191
440
182
1239
270
1413
972
1464
1582
574
74
8
655
53
291
898
934
96
734
839
161
704
1551
914
1212
506
540
1081
51
200
1287
530
389
498
1348
216
783
652
1156
640
1473
1331
1061
217
401
1121
565
563
1208
677
199
1345
1302
893
1197
838
686
926
1082
1595
510
1480
581
1157
1111
1555
1445
837
711
1316
789
752
921
1284
1095
1344
136
590
790
328
1392
9
1349
100
977
684
908
1223
375
1089
484
1050
30
59
542
39
1462
1139
110
320
71
575
380
804
634
1431
754
1042
393
1246
1580
1552
90
853
167
1533
1040
531
1281
910
1493
797
296
1011
1509
1134
965
471
866
191
68
1303
340
1108
1383
1505
1192
1017
656
396
1492
55
54
1270
475
802
164
462
999
1488
721
648
82
1153
1117
1072
1189
443
578
901
1570
1531
301
1200
1161
177
155
778
424
1199
1225
1597
747
820
932
1147
981
1084
1001
912
1308
759
267
805
675
818
1188
1397
616
407
1529
868
195
