1588
1082
1594
1173
264
1184
1160
797
1039
1430
530
550
513
104
1498
541
323
241
1003
473
559
564
745
1135
929
1345
640
409
533
978
102
233
695
201
98
547
1284
121
451
331
1205
1546
167
1525
16
1282
1128
492
114
274
1062
1242
1470
73
340
172
985
176
1569
82
1208
1286
602
1566
553
1031
604
910
412
1277
1088
2
161
1296
701
798
252
258
257
693
311
899
1014
314
571
327
806
591
117
842
437
397
1027
1316
8
841
462
1420
224
983
453
968
482
1519
242
721
392
95
17
785
246
174
697
1487
28
1041
1083
1489
215
1175
1506
1436
1460
1578
20
438
494
605
1134
532
696
1143
111
645
366
1492
401
1442
297
1275
125
1140
1209
1012
3
150
281
227
1547
286
55
903
243
554
53
517
1377
1139
1055
618
1256
446
1445
587
1435
216
1341
772
54
782
590
1098
1164
182
296
40
780
611
1110
703
1246
1584
835
1463
556
1087
725
862
1587
1361
212
671
220
1415
1367
292
495
228
832
1104
876
223
1
1383
1279
474
1598
1168
280
1201
992
922
1223
1536
18
191
661
1324
365
469
1102
1186
1337
1265
1302
1394
913
51
1314
393
23
653
1022
521
399
484
37
912
1061
755
428
518
742
1182
1362
1065
846
979
1146
1413
734
1370
859
485
1486
768
48
124
480
52
812
461
450
1249
1103
1148
31
1386
1080
830
741
601
630
434
1295
502
1334
1073
610
681
1465
586
1094
606
1384
1074
704
1292
1269
1443
1408
373
276
1311
213
1285
799
1473
1456
1482
821
888
1155
1129
679
691
1393
443
763
1290
109
614
284
38
133
486
432
1040
181
1234
1490
326
870
1051
402
665
894
506
726
808
1001
171
981
1526
1423
863
1375
980
889
134
964
1194
873
558
991
957
1261
1097
429
1409
396
982
663
583
885
1515
1583
7
147
1381
10
507
1107
1253
352
19
1289
1403
11
487
1220
306
1466
706
1421
1363
309
1020
1122
388
887
33
892
783
902
27
407
208
872
911
1581
1518
1113
1174
581
497
1531
1136
1326
87
1579
976
312
70
259
1165
170
633
291
448
1418
776
634
464
1554
1414
1142
1350
1524
14
1439
1211
1227
43
1090
1522
843
90
987
754
1247
923
1064
1180
626
1340
960
1488
656
931
1304
600
1451
1228
969
1297
1428
961
1132
735
158
816
1271
379
756
282
966
875
1200
178
670
683
993
113
205
946
436
131
1169
879
1052
79
360
294
364
733
1119
916
415
1170
458
1475
788
880
844
1025
1299
1509
717
933
288
1068
1510
229
895
1516
261
145
185
1283
796
1183
61
253
724
973
1312
12
1346
151
1262
1553
958
1502
675
1376
1243
752
74
1167
1017
1573
1499
488
638
427
715
1091
200
1590
529
265
854
643
1513
915
856
386
1461
1471
926
1260
130
320
616
1593
833
1189
81
56
338
1447
175
907
934
1171
748
490
1057
144
1310
1306
1217
871
828
303
1497
423
1366
787
723
860
363
1005
636
576
829
351
814
1542
333
1483
746
301
1532
914
219
1079
615
1419
865
1389
342
652
765
1562
577
542
1417
1440
575
232
801
26
620
975
269
316
1529
142
1118
1000
648
1339
248
566
1144
551
1207
467
650
1231
1033
570
1156
1374
97
1582
1063
713
718
818
203
702
595
270
236
457
1060
539
813
906
589
778
1392
1541
686
1298
940
883
295
971
1239
1467
206
1278
466
188
13
112
967
820
192
1050
204
867
1077
563
317
505
869
728
128
793
1320
891
1372
1120
357
290
381
271
594
655
62
786
762
57
1355
1030
249
918
433
1021
289
851
1112
250
909
609
989
385
59
1206
1454
1058
138
925
555
1034
1018
1045
1178
1241
149
179
80
1347
173
1210
800
456
1458
825
1318
900
63
1538
107
1126
953
362
1056
1075
140
1193
298
959
377
817
1379
1117
684
454
1336
1397
617
187
884
334
471
896
1032
101
1137
519
864
999
1131
1199
1219
1019
45
1081
1059
106
416
1179
839
1233
1038
449
1504
217
419
32
1125
1276
988
1580
325
361
1240
459
348
1078
831
886
1303
96
562
287
811
319
944
1069
1495
807
39
159
1577
275
847
305
71
1046
608
927
707
279
546
528
984
30
116
954
356
802
408
330
382
848
810
557
1505
972
127
1274
1181
1300
60
1508
709
1042
1365
375
990
567
1138
619
166
766
268
358
493
1070
549
123
1556
78
994
1425
1353
1288
46
336
945
404
1528
1195
431
753
335
1595
1368
537
997
496
1028
1343
369
1369
642
1008
413
479
757
254
25
156
1548
278
194
337
1356
599
68
441
1196
761
658
1007
743
89
845
955
1404
86
668
1095
1248
1224
974
1424
190
1190
1109
1472
478
1191
189
1540
548
196
1530
384
1437
1013
1010
1153
904
777
1429
115
1251
857
1267
770
1373
143
442
1455
378
641
1349
794
285
424
1395
108
1539
346
649
122
460
498
1105
1329
525
935
1152
345
1281
1185
1380
1044
1114
1557
1592
44
234
1407
592
708
1544
1396
1236
893
1049
350
565
736
1149
1476
267
1446
1537
1111
0
422
781
1477
1354
99
1084
321
1066
1130
1331
1197
852
699
1335
1172
1493
1100
996
1494
948
1317
659
328
635
199
877
719
1216
499
705
1009
1426
775
1405
939
666
1401
324
77
647
698
1176
677
947
163
834
582
376
672
383
1585
359
1332
597
861
1035
1264
491
426
1398
840
66
177
50
1327
1371
771
69
1053
1270
1099
1309
1319
511
1093
389
367
769
1301
1591
700
740
963
406
882
937
536
836
674
792
153
1161
169
1026
962
139
747
1567
603
132
105
260
72
924
1570
300
193
9
154
244
129
727
639
1147
417
226
572
1011
949
622
1344
1333
646
690
1123
838
524
1427
1574
1215
83
858
657
1154
544
1259
1507
751
1313
1453
1255
510
764
332
476
35
344
580
483
1450
1238
1444
501
110
1085
998
1015
823
1029
637
1543
952
881
628
729
1315
411
837
1399
1400
1254
1308
1596
1157
207
784
1187
878
1549
1432
908
84
1484
531
596
1273
1552
526
1280
1342
1321
1266
103
1589
621
520
1512
1225
1352
578
898
1127
67
24
489
512
1272
680
4
1101
866
965
1534
1469
137
936
430
322
211
184
354
824
1387
919
1213
538
162
1479
1287
272
687
791
341
239
942
1037
654
1305
237
146
418
420
1382
607
1250
1263
970
1204
1092
1106
897
514
183
230
1523
135
623
343
1067
1023
92
627
468
568
632
85
773
136
920
1002
1571
221
874
1192
1412
1360
1226
1348
1351
1202
1072
371
47
293
749
1158
1560
1390
758
100
1558
1410
263
631
452
712
1474
1481
410
504
91
218
1244
1145
644
1163
1416
29
1054
951
1357
477
612
822
1555
1237
1218
1480
805
1485
447
1076
1500
370
445
214
522
155
157
850
1268
277
304
750
1501
588
1568
739
1252
1378
41
403
853
165
1452
1462
313
1586
1141
1521
1203
689
779
235
1071
720
1047
1535
710
349
160
355
815
1096
552
901
534
682
1459
1086
307
1232
722
119
75
516
1004
247
685
148
1257
1520
186
917
1457
1024
197
669
660
1431
774
1402
475
515
943
463
180
1115
225
238
574
1212
1572
1322
1177
1258
1291
202
65
613
1551
262
1478
827
251
34
6
339
868
629
481
1511
625
315
42
470
694
819
120
1422
1307
790
76
1496
767
711
141
256
1108
387
667
956
543
593
561
545
390
500
1328
1514
855
1550
1159
730
804
738
372
21
1575
1464
