1009
1525
720
1424
707
655
939
1180
150
158
877
329
999
20
1549
862
1456
588
1204
9
883
192
341
603
1517
1394
642
965
366
412
1553
113
1400
715
1317
481
268
584
1254
298
1308
659
817
428
455
256
585
1521
282
1025
1460
464
775
55
658
1338
755
379
893
485
1440
1468
1465
1386
49
1154
783
276
283
744
104
545
1481
430
28
271
12
538
13
344
512
1266
1035
418
1267
1014
608
107
1196
988
861
821
1461
935
1443
1576
1312
581
327
347
1370
938
519
891
393
541
544
21
470
1354
1211
1304
281
1578
47
656
848
321
1082
437
815
1306
614
1241
1453
516
607
323
668
1098
920
907
1587
1127
1474
896
820
382
117
689
917
492
699
459
98
976
248
1137
1072
860
1415
936
1123
136
1548
734
1129
969
1262
1372
1181
813
397
693
925
311
1554
1467
1436
44
288
431
67
1596
496
839
1425
721
1362
1214
1285
964
162
1060
1509
1114
531
1478
663
439
1006
984
392
444
177
566
1441
1227
975
729
745
735
621
59
780
747
245
932
343
41
513
237
615
1264
524
1497
1209
784
499
1531
1199
260
598
487
1086
449
1368
1058
1344
691
1143
1376
722
1150
221
1457
491
590
32
242
1405
676
37
159
1007
234
613
1239
493
1102
868
196
660
1024
1358
1573
1133
849
155
681
255
515
550
350
831
1543
278
1340
472
1176
1139
1051
1236
126
185
99
504
7
190
991
1498
79
70
1458
183
479
802
1054
905
555
781
421
742
284
829
1480
554
1589
1328
620
181
1406
1380
1104
619
370
263
1110
403
899
1252
626
558
571
1383
960
1190
710
833
678
60
1096
201
1491
623
1506
682
1106
16
1040
1398
156
1365
371
915
356
153
402
1363
579
731
640
1010
319
1494
834
1115
145
688
5
72
1178
1492
675
80
168
901
841
1290
1000
1335
299
1231
680
1444
576
894
180
1323
1043
36
1422
1574
380
1159
996
100
1138
822
840
1170
586
1321
700
313
1588
532
825
1221
669
1207
1080
823
387
290
611
46
711
1529
1426
709
818
551
1243
1246
1083
1105
1056
633
1093
1274
773
1438
634
342
414
212
978
1210
574
39
1213
1524
1332
604
4
1346
1475
1281
835
422
846
1459
1303
1296
206
1017
161
898
1002
1061
1402
1352
149
1134
1539
303
1351
865
1160
1446
174
1126
788
102
372
1445
187
696
767
1224
565
395
509
141
6
1336
309
739
1392
1242
507
359
1165
982
714
836
789
17
1036
1462
1256
1208
1357
654
406
1248
929
68
1121
238
1070
1217
644
1255
914
1428
1140
1463
152
1117
1381
1289
1434
1108
1091
610
863
1063
931
1166
1157
1516
1464
1593
230
730
1410
1374
748
101
1169
1466
911
1488
1384
971
705
1350
364
134
1454
374
1324
527
462
950
1069
1301
956
432
533
157
244
769
536
1187
279
369
575
198
797
417
15
1077
148
645
927
795
1364
934
1581
876
1124
435
1122
624
918
1504
1146
251
1503
1518
725
217
717
22
1299
674
1310
1331
195
1430
86
997
759
1486
1223
1078
712
85
897
1447
1520
796
763
1471
235
713
297
178
345
1031
870
1361
1298
225
998
285
1595
886
605
508
1555
568
351
1433
694
766
837
542
881
1013
3
1597
1293
304
340
373
948
398
687
77
547
415
89
1018
222
404
838
1416
1132
589
425
879
1484
637
1413
291
91
375
1527
1558
706
1545
362
961
1186
287
647
335
1519
26
903
937
892
64
469
955
828
1396
154
902
50
1442
1530
1359
179
1455
1045
695
352
874
301
973
963
18
365
354
361
1021
514
602
1065
1568
741
684
1563
1305
232
1418
959
1387
224
384
1215
1119
171
526
1353
716
1343
1583
486
794
452
871
535
1189
231
790
1389
993
474
357
1577
189
1479
1030
164
506
226
1360
951
1382
858
1482
482
867
653
331
737
1570
511
1567
33
1526
922
1307
943
1550
273
548
125
1469
1450
295
1513
1407
320
1200
912
1079
1193
296
844
1371
56
657
483
952
664
1571
456
1282
378
727
130
803
1483
502
1089
698
1270
910
854
523
93
628
1333
980
651
679
1451
1099
191
30
1271
103
1420
227
1432
461
1320
909
97
528
1431
928
738
1068
1107
53
1297
953
625
132
1565
1029
875
1579
494
1197
760
1074
308
778
986
733
424
386
816
1130
131
349
353
1268
662
140
895
1148
543
388
701
71
429
203
1287
1103
1015
333
52
348
1417
83
23
806
480
440
1
250
697
916
1591
434
1490
1582
1575
983
411
940
368
38
254
317
801
638
595
1348
24
218
1552
213
471
165
264
1034
69
143
1263
652
202
112
325
450
1044
257
1195
994
495
1037
128
1156
1202
752
857
708
804
1334
1388
389
1026
405
316
0
1476
410
337
58
632
1541
75
1505
1155
484
1590
1240
453
1203
1535
573
266
556
1495
1283
856
1179
522
1345
1551
1152
814
73
1522
764
592
979
1076
312
54
1485
120
1452
1245
1276
751
1487
1191
666
166
1580
1251
1039
981
396
144
175
962
947
1052
443
1144
1145
845
1277
1023
569
407
990
530
1222
51
96
1586
215
1048
1033
1557
1228
770
779
1147
1153
930
467
409
1288
1341
115
277
1109
1022
57
147
1100
188
1229
616
900
139
170
1062
1536
890
1419
1019
1028
811
989
966
749
497
385
1528
1111
1501
322
1235
172
945
1177
949
1409
593
1369
762
889
847
1511
878
1326
855
685
1192
546
207
88
1562
824
446
768
1042
1081
1171
445
1084
941
510
1066
807
468
243
460
1507
1560
108
463
582
274
29
216
560
683
1477
1325
391
580
265
570
11
318
249
864
239
648
757
65
200
771
426
1047
1164
10
1473
967
1183
559
416
1141
1534
1158
133
1395
1547
1437
673
1564
305
521
1225
703
1216
630
95
777
1356
42
1286
1585
853
1309
1212
873
1314
826
567
1414
1067
390
280
995
1569
1472
78
401
236
736
1059
672
1532
1011
808
692
1163
1219
1004
906
1101
466
800
1592
1201
946
326
240
718
1499
799
852
1230
776
884
315
427
1337
214
163
228
1174
241
1540
1427
267
793
62
851
1347
261
142
503
478
1379
520
1493
1399
302
376
786
394
1188
408
1257
904
34
310
129
1533
746
423
728
866
400
609
690
498
617
367
2
753
1421
209
987
43
1559
1542
436
958
233
119
1220
908
1185
1049
31
810
1092
210
1316
743
583
193
1313
48
577
475
1027
1258
1291
792
758
247
176
447
1198
82
355
791
1206
1116
111
1038
517
1244
1136
1247
137
1120
537
1561
1118
1327
1032
169
1184
671
765
477
1016
92
1113
557
476
667
1514
1448
1205
1538
518
1385
761
1435
94
923
1512
262
1375
377
719
84
363
66
1238
220
992
1075
1012
805
114
272
750
1167
1172
578
1151
300
1556
441
600
1128
540
612
289
122
1142
1046
1598
1233
968
208
880
1311
740
1373
8
184
1097
1055
160
1367
618
25
665
1318
977
1280
1294
105
1378
61
473
501
1269
646
732
872
118
1008
1284
1279
924
1300
1292
1302
1295
1218
944
809
1411
1429
1173
933
1131
454
635
465
1377
830
419
726
1508
229
488
90
433
338
1510
1470
1232
1125
346
383
1182
525
1391
223
399
1149
330
1073
1273
1095
116
974
564
601
921
451
1275
534
1053
63
151
413
197
1537
1339
167
670
1330
1162
1355
442
1408
269
87
1449
500
334
1366
1085
636
328
549
1071
572
324
649
109
138
869
1020
1064
627
661
1349
438
1546
358
926
