592
1542
469
233
525
915
152
1163
697
1029
1203
822
246
569
1428
1525
281
1522
1588
85
1411
676
1116
1303
137
718
1092
1224
103
1315
1498
1062
855
945
1443
1339
1234
1309
475
57
682
868
1131
322
1558
252
1563
853
1419
863
143
79
515
1056
1142
557
370
1000
1342
991
1162
1243
1539
679
585
532
1020
880
1427
959
707
867
1357
483
211
1524
631
1377
461
766
942
232
523
443
1009
325
1408
570
239
848
620
719
1375
1097
1133
276
216
175
1225
1329
177
1105
149
1535
13
952
504
422
1591
1054
983
659
1390
1326
1462
1541
1575
634
1047
213
339
642
1275
759
563
296
1500
825
182
903
421
488
1048
1341
1415
549
109
950
1436
605
223
901
365
745
346
784
1173
1464
83
1241
1223
967
259
779
789
1404
409
1406
1585
1050
811
810
160
854
184
1108
1126
902
617
270
76
911
1569
300
1094
1456
688
147
1420
115
379
536
9
356
589
1472
1005
1220
1335
928
786
865
1135
813
179
1150
1145
1119
389
96
326
1180
860
1291
482
1473
857
363
292
720
250
809
304
1413
529
1071
710
64
291
951
220
336
1527
1246
818
1352
1383
1350
275
1561
1589
664
295
1348
15
872
701
1161
1188
248
665
1179
535
1540
52
608
517
1120
793
892
173
737
284
1306
67
265
1453
1412
874
722
237
133
498
243
1233
1416
401
136
1107
1433
297
1417
1391
1143
1106
1057
734
890
725
660
628
934
1
1109
1240
907
1181
1026
1011
1134
457
1577
288
198
508
1393
1086
792
537
1148
1400
606
1191
594
689
966
996
973
261
643
736
1174
46
588
73
1323
648
1194
386
1151
62
398
351
269
1363
20
119
530
990
70
502
446
1530
148
752
581
187
580
402
916
23
1103
958
89
1270
230
126
795
1267
301
1327
895
1111
1211
158
705
169
1010
1294
1128
1045
1023
1565
850
1183
744
391
505
7
318
1088
869
1074
345
762
1129
1090
1441
920
1081
34
1381
1209
264
1550
206
528
640
467
1533
1256
758
135
986
203
638
658
1523
1360
541
69
382
124
1208
1112
539
500
155
201
686
603
776
40
782
1279
453
520
279
852
1346
1545
21
429
943
1332
1175
29
1099
1122
128
680
174
51
481
1361
988
454
337
1277
1253
381
514
1551
492
262
437
432
1274
1429
329
851
544
494
1001
114
1330
1159
1067
1041
1244
702
1201
662
43
657
1458
812
476
366
121
706
993
1125
1008
1049
1549
562
1230
654
674
324
1235
805
430
98
487
36
882
102
692
622
466
1316
282
1281
864
1079
1394
694
1266
1503
524
1434
941
696
1032
178
1351
360
120
1302
1440
615
573
1484
407
661
31
1367
413
1293
1439
844
1566
755
1590
140
440
982
876
708
10
1446
1287
641
94
1192
1006
191
723
695
1418
1227
1516
748
364
1295
349
1397
1526
1066
750
58
1250
1528
845
1444
285
1034
113
1156
1085
41
419
71
1249
72
1127
1196
1037
1567
632
222
624
1206
350
625
1398
1033
1261
888
886
418
1252
162
170
596
258
738
1344
1368
153
251
18
777
340
884
919
753
1518
486
586
672
1070
1366
139
542
1594
1470
826
582
1461
1455
87
1297
208
1435
240
913
763
101
1322
751
1169
228
1157
188
1538
334
93
1110
474
1170
1182
260
1007
343
1132
678
652
293
673
1104
651
129
1080
600
308
1147
769
820
1312
59
368
731
1515
1222
699
931
1355
105
1289
1176
975
1288
1399
1042
1226
1347
47
960
671
870
1389
1285
961
1247
1333
200
1237
320
716
1556
436
1144
649
1024
442
921
587
635
26
1382
196
977
63
434
1030
917
1058
1059
499
1031
937
1168
1508
553
464
1118
550
621
927
1254
843
1571
221
1467
150
327
1471
548
1495
410
1093
286
431
387
506
3
125
610
1060
691
330
962
1290
1003
1242
144
684
313
1521
199
940
4
1403
1214
1258
1438
263
861
683
612
774
480
60
875
783
224
1019
677
1073
669
1035
112
277
1028
1282
1262
511
1136
247
963
1414
33
416
730
687
717
862
1493
994
1325
1231
257
571
1219
1501
1063
1091
367
841
45
38
450
462
194
1490
254
1343
1451
644
1553
711
574
1477
1505
584
847
81
1487
724
1378
361
713
656
146
397
1149
183
154
1584
1265
743
1449
1221
547
74
1496
1324
1061
1259
1481
712
1598
1076
218
663
459
1065
192
904
785
189
566
168
411
311
166
1570
1552
1504
1043
244
49
314
633
790
1385
305
883
399
1491
1158
22
66
1272
207
27
926
1193
1401
1146
358
726
1089
50
756
1510
681
832
815
1407
1468
1286
760
1359
1560
342
352
866
298
1328
273
141
428
5
439
995
873
798
362
400
25
735
1386
1489
645
626
1310
1475
827
1362
107
1304
567
1369
565
997
1507
423
646
299
1338
452
1053
1210
245
1514
1292
1140
316
106
118
561
1098
202
181
1124
1593
142
787
992
372
1392
412
1450
497
534
1459
1597
533
1499
1437
227
806
1554
836
405
1165
900
375
267
1114
577
930
309
90
859
303
1212
249
204
821
1583
1040
1442
1021
1171
6
493
1576
846
765
650
209
219
414
425
441
778
519
1152
764
1064
380
1069
159
92
1184
1187
388
100
1568
335
897
839
896
82
538
1336
127
935
842
122
1562
739
302
595
24
383
376
1038
522
164
1320
1202
891
1268
944
77
985
1546
205
1319
849
1374
468
1421
157
403
1276
1555
593
908
253
1380
932
1055
1117
823
1384
80
703
1101
374
347
465
1529
56
1379
460
1478
1228
1572
794
477
496
540
814
733
754
791
392
1354
294
1314
572
556
130
1238
1301
889
138
1002
715
922
1015
95
385
1476
116
1356
328
1113
0
955
1388
1502
946
887
238
503
472
1422
1051
1200
1460
833
197
1204
770
1405
455
123
1543
521
829
1466
1564
1313
799
796
801
591
445
693
1410
714
830
65
256
1308
1245
30
473
42
1229
268
1300
772
1298
727
1457
317
1532
905
936
171
1559
470
981
583
773
1239
877
604
236
998
210
747
613
531
670
396
1096
893
957
433
255
749
637
165
1358
17
579
1544
283
972
1479
978
1153
636
938
241
629
1321
156
578
458
516
151
186
78
1121
426
341
1044
971
217
837
552
1100
1078
1232
479
1349
190
969
929
576
354
438
1517
1190
1402
1260
1036
1426
1141
513
1217
110
527
948
1474
1299
780
1016
32
384
39
1087
235
1486
627
598
448
427
53
700
1372
1137
509
1166
974
390
28
1395
980
1052
1198
1199
560
1519
871
803
1269
968
1340
289
1167
881
788
965
1492
415
315
1017
828
1579
909
954
721
1448
1154
55
1364
512
835
559
1485
732
885
914
546
956
1580
229
1581
653
1284
359
1365
1513
1178
1271
310
420
834
1547
1376
1497
1139
395
1483
312
332
639
924
117
775
949
369
1373
1586
555
899
709
1465
193
1155
685
1123
675
918
1432
807
444
1534
1164
616
984
1537
1083
797
1025
1480
1452
704
623
1548
1195
740
1273
185
226
331
35
668
333
816
953
280
306
321
728
134
590
558
478
1197
1075
471
212
195
1027
1317
435
1536
278
1488
1084
1423
12
11
14
1115
768
231
108
353
925
489
1278
989
1046
266
408
979
510
1216
1506
618
394
1387
1186
19
490
99
817
355
1512
987
68
145
88
564
970
48
597
910
167
417
831
1068
976
447
242
819
767
1283
1213
449
172
1447
599
757
840
894
1012
307
614
1172
1424
742
323
741
61
