539
1545
126
24
637
1007
566
1300
8
381
1106
59
481
958
354
510
30
950
1172
356
762
963
318
1378
912
1391
1249
1127
1388
676
1188
230
313
1144
456
1294
102
34
847
868
934
1481
593
890
982
628
1198
123
1364
114
1562
1261
1530
1370
1493
1552
19
1548
604
801
1325
621
716
1434
870
1135
1546
576
68
940
682
1097
941
154
819
208
672
1257
590
1327
1368
828
1095
1090
954
1214
282
1443
365
279
1024
609
1564
1052
145
491
1475
138
443
1491
1162
1563
157
528
1417
931
1566
428
914
1363
116
793
555
379
805
1286
1105
32
203
1543
1051
895
17
314
421
396
472
553
409
1508
119
856
599
212
321
630
689
206
1544
873
998
1110
418
1341
951
1023
64
334
352
104
829
1206
666
667
1439
39
1419
1523
257
229
520
710
1501
1480
106
611
310
107
844
709
377
1304
1556
1343
1122
949
383
426
1133
124
278
1111
1202
332
1492
54
382
893
255
740
1019
109
129
571
31
1018
512
438
547
826
1525
1399
1398
1432
240
199
825
985
723
1453
139
1411
499
1384
588
21
1271
20
1073
867
1380
1254
1068
518
1458
898
1591
1176
61
532
668
183
570
662
809
147
1053
1435
635
906
670
1231
50
790
650
1572
201
84
1336
415
1126
398
594
225
679
1195
300
1440
1496
1404
1048
1376
642
162
269
759
118
93
887
990
53
1301
280
1083
1084
298
1339
307
70
1355
176
981
246
1578
1227
82
1414
652
1463
1270
696
768
1430
966
1302
221
328
440
1071
87
227
1099
543
367
1499
51
938
1394
774
1151
1
1490
1212
1006
175
1445
1521
394
1297
1478
1184
1528
317
903
522
1080
272
846
973
1549
337
992
408
1462
786
1168
14
840
758
482
1104
182
530
756
402
1194
922
579
105
1330
196
665
1506
399
882
804
1553
736
1580
1526
437
1279
293
181
714
1309
811
350
1579
22
52
728
516
917
807
587
1345
1160
231
1447
1121
1196
1413
403
546
742
1179
1037
1373
209
400
1138
763
1136
195
1002
1352
392
677
156
1171
767
88
1148
1513
718
503
1483
952
448
248
1069
474
551
703
1596
1230
705
732
863
1299
1498
457
695
843
987
502
1342
1064
1285
430
1454
353
564
235
268
788
920
1585
1190
1465
319
259
1092
878
694
29
821
488
283
179
643
1026
341
1283
420
5
614
680
769
857
1574
656
1043
1262
389
412
799
910
378
117
601
1276
1409
1448
113
1426
1226
1223
524
1359
271
624
276
1234
1116
417
1098
33
554
620
704
273
1209
131
219
1131
16
1130
1236
331
755
812
222
211
585
582
320
1175
239
946
185
461
174
1103
891
792
161
1228
405
411
1205
678
815
849
1246
1418
802
1335
1137
1533
404
48
1147
101
1183
1337
1415
213
785
886
1395
715
610
460
577
607
291
1347
459
1153
342
168
674
200
465
316
186
479
194
466
6
787
96
1449
1584
134
1565
698
748
573
1502
971
874
136
180
81
1041
366
315
1156
916
1405
1114
1594
1461
1280
431
287
659
1235
1049
1259
1263
1059
285
640
1332
1520
1243
484
778
1390
962
299
1015
281
95
1538
1531
1061
1477
296
707
220
1371
514
1158
1087
1164
751
1150
103
434
1456
1060
454
1251
302
1306
152
1331
913
1233
1242
956
1536
1219
71
369
1307
1550
535
625
834
289
1401
210
1308
249
1029
148
359
2
836
658
153
25
1132
563
568
578
1452
264
91
544
592
406
339
1166
508
414
1141
848
924
690
372
838
822
663
899
292
1374
744
401
1028
55
1406
1542
560
444
393
429
907
1476
44
830
1313
371
244
413
462
1063
260
374
919
945
1403
1011
242
1123
1547
368
309
258
1124
47
1558
766
494
841
567
40
1386
953
1265
67
1014
1554
327
1437
959
1348
842
860
100
699
1310
35
432
876
701
94
1225
120
853
36
164
158
1213
141
915
325
284
760
1428
1317
1022
1278
380
189
214
1161
1021
252
1255
204
360
1085
616
1328
261
1289
343
286
999
909
1484
896
731
294
1442
326
163
892
151
937
267
376
485
207
574
345
505
1593
1362
1400
1157
686
1524
673
1381
627
1517
810
824
74
583
447
480
1315
419
471
1586
501
862
1187
77
717
634
137
902
254
150
1504
684
1047
329
1515
149
507
86
1482
1367
933
877
247
1559
1444
600
529
375
324
654
1191
521
629
1392
647
266
921
1112
561
1377
515
1431
911
996
187
1244
1042
1143
1385
1057
880
3
191
854
449
552
1192
1027
556
270
626
12
746
1272
197
1582
1000
1154
623
1340
888
1344
591
80
349
1072
1358
687
1338
1134
58
947
1305
734
303
198
487
980
277
883
727
169
26
495
1221
344
783
733
850
304
1086
463
1193
581
1247
1468
192
1013
970
1489
475
391
1287
1532
645
889
1067
1354
0
1319
1081
721
424
1181
1410
1322
1455
1065
851
111
1155
1592
373
1288
290
1275
1329
23
1497
493
451
835
245
1036
649
1031
1189
540
782
1186
170
735
1128
436
45
619
1017
115
108
7
1250
542
1351
839
1207
575
1569
606
537
1464
455
346
1211
1264
361
1038
1240
1365
15
1050
1424
845
301
527
631
584
1267
223
1366
1252
942
989
879
872
1460
1389
1282
1383
1555
13
1004
1220
476
489
754
1089
69
1441
10
1034
1078
1312
453
964
1238
205
918
894
1145
818
130
364
957
41
596
46
752
1587
1349
1438
1396
978
1541
859
534
1457
306
1113
37
146
653
243
796
1222
1074
984
536
1333
864
1551
1507
1320
589
1421
1256
1109
1588
1091
1180
1451
1125
1486
274
1581
702
729
390
803
737
897
1088
749
1583
939
1165
425
595
358
761
598
1077
1218
1178
1567
1173
1076
988
1503
1102
827
1505
121
603
538
1561
986
1577
1253
1420
1040
1277
468
944
1295
557
122
435
808
433
72
57
340
955
675
708
308
347
1311
496
75
1096
995
928
726
1485
1020
357
869
688
724
265
1516
655
478
1174
930
1353
1266
1182
125
1177
929
483
712
1039
837
1268
960
994
395
548
900
794
943
901
49
1203
275
1334
1474
144
98
602
1062
1412
427
1298
523
1296
1163
875
250
1237
1423
172
1119
866
1598
11
509
991
789
439
142
1216
664
615
519
1055
1408
89
608
178
772
1472
1260
781
1557
1258
1576
56
166
97
691
1035
1009
660
1511
441
968
1215
1239
1281
1590
241
657
385
525
452
977
1597
504
486
1459
1494
1245
1509
215
700
1514
1101
236
133
1540
669
558
477
633
83
458
143
218
1387
531
1323
800
1201
464
858
1159
1375
923
387
905
1595
473
1210
1012
1422
562
771
1470
961
1001
1274
110
348
1016
28
450
517
1094
639
42
1167
1473
1082
983
470
1108
1500
1372
1056
632
132
1361
1512
739
1560
99
541
1170
1571
1185
1118
140
467
526
112
1397
513
336
586
1425
832
776
190
683
613
681
780
1479
1527
569
753
506
1324
445
861
500
1229
76
351
127
492
217
1204
979
256
73
1093
1248
1290
1488
27
1573
1199
1005
806
188
1570
323
1321
651
234
1003
648
1466
4
622
128
1232
1433
1357
784
935
711
1140
1044
1032
253
1510
927
184
852
730
335
135
1346
641
646
1575
580
692
490
817
1518
1139
1241
1058
885
338
238
1393
9
1169
171
764
1045
747
993
1316
972
1291
545
813
932
967
779
795
1469
410
65
765
228
423
1314
446
237
798
597
1356
969
549
165
965
1350
743
855
1293
173
638
312
1318
469
