377
66
1267
104
218
859
322
563
1539
1475
371
897
509
1271
38
805
804
627
434
930
1568
1256
841
67
603
855
1212
1165
461
27
407
338
479
197
783
674
251
1195
1364
194
1095
1235
1427
583
854
825
1344
61
169
94
216
292
900
1366
73
1240
369
1009
42
446
1057
161
1305
325
92
771
970
1593
1338
713
613
1278
620
850
1046
473
587
71
1356
1436
103
1280
1093
396
398
1290
929
552
1248
384
766
845
392
955
1141
584
984
53
1311
596
1107
214
1182
386
758
819
931
663
776
709
937
803
1214
56
540
435
1239
1382
494
242
1285
200
1557
704
556
1273
1559
36
164
341
105
780
354
77
1288
1499
1401
550
430
213
1104
928
1404
925
1037
740
905
1371
21
132
602
655
422
1352
1399
568
1419
335
797
717
989
595
611
830
496
712
1065
1357
277
160
533
541
1564
667
362
1039
258
605
458
179
467
204
1083
1070
19
1284
998
212
44
472
680
181
1187
505
420
115
1189
1457
117
993
884
1391
23
521
888
1503
1166
1397
1213
525
883
734
997
588
582
259
936
853
581
438
1496
1502
557
186
742
1506
1576
328
1370
7
809
1058
1442
1550
279
1199
1007
1097
3
1317
236
330
652
761
1137
1202
612
675
1184
1277
575
1358
715
1078
480
1168
1432
1092
1033
97
1100
301
1368
339
1076
162
858
949
938
1428
1592
1296
518
453
157
1293
109
1203
662
618
426
1536
1334
523
428
1261
868
1579
1032
1192
373
1269
1022
1459
78
651
659
767
191
865
309
1178
1309
814
144
908
1591
832
1398
653
1188
1190
355
1544
1458
1416
990
1102
1505
235
450
844
1330
32
358
813
710
688
1170
1390
1504
935
1241
1340
772
1420
1232
901
305
1361
243
1130
221
1142
1530
1461
299
1353
166
241
1056
240
246
538
1393
702
878
1523
84
491
1562
1099
969
316
635
401
975
542
1086
239
319
1555
1558
1279
718
958
263
51
1281
304
995
284
318
1
1587
195
423
1408
503
391
681
616
1581
1111
2
454
256
1258
812
698
836
363
609
1000
643
1249
1312
527
1274
980
43
1080
306
1510
996
1010
1054
1116
15
676
1025
1582
1134
1146
988
1411
40
598
770
650
1250
1598
798
1435
245
632
1534
414
644
469
535
741
350
1163
276
324
959
943
486
143
754
956
1574
860
266
630
682
283
425
372
478
1424
475
126
1446
8
368
1276
1185
1400
1237
175
566
1155
405
1406
1011
207
940
1162
289
210
759
950
1015
1221
357
506
816
1469
559
60
1341
87
220
24
463
1040
268
725
944
1392
840
831
346
1254
877
773
1597
1573
1431
1545
690
1332
1298
1164
451
882
640
14
861
862
686
431
654
1394
707
960
394
190
498
1151
1156
779
553
720
939
893
244
733
352
604
827
1548
135
1244
562
1362
822
1013
786
1152
193
982
574
1323
364
155
808
1474
437
1346
198
424
514
409
1583
28
1014
1091
608
1418
1051
1223
321
62
58
1026
1108
1029
1077
344
1012
953
1384
869
361
1307
1347
793
1179
500
757
661
448
957
507
580
952
573
700
1073
331
1270
232
695
1372
112
926
315
1516
1028
487
374
400
1036
1260
1294
1144
413
151
743
791
1520
410
5
747
673
222
820
1569
1472
269
1563
459
1119
1234
778
513
300
838
1084
1079
110
1224
403
696
932
82
381
1200
1096
634
1181
312
864
639
274
119
624
818
1297
1517
124
1263
941
746
1405
1480
255
224
1210
1343
439
1110
108
86
310
1590
768
1495
828
137
1320
489
81
1150
1197
203
1383
1008
728
976
817
429
934
826
1337
201
1549
1529
1385
607
1351
134
534
981
1328
1133
645
1177
1219
176
593
567
65
1126
1572
55
1484
1169
1586
1176
1522
270
379
88
1425
308
774
421
631
763
90
687
46
183
156
172
1414
623
1265
260
954
536
942
1531
79
1158
297
298
444
1345
837
238
1044
1027
1423
1478
1042
781
499
1120
927
250
933
1153
973
1035
1180
447
349
751
69
657
890
528
551
1315
1578
1075
1143
356
1208
457
1445
1068
899
1349
1350
142
1236
1173
1113
1460
866
1112
1575
1038
145
449
1322
280
49
1567
111
336
1467
1171
1360
1561
547
999
1316
1082
722
689
628
131
317
485
983
1074
1595
1479
1047
571
404
1429
732
100
1247
965
1318
1149
1304
968
1218
470
98
1552
1198
727
1087
1521
229
979
29
1326
806
120
102
253
1041
1191
226
589
569
1470
130
753
1462
37
1049
1450
18
1217
1546
1403
848
1308
907
1487
12
114
293
1266
823
1464
880
146
629
760
1380
173
1071
323
1448
737
337
792
641
1494
1463
252
411
1415
1118
1490
546
290
1511
824
6
1129
1329
31
390
544
787
1268
294
483
1379
576
1228
729
785
874
1430
264
1489
520
1433
1535
476
714
329
669
418
1369
1005
1553
1289
1088
174
1422
1444
1018
829
1122
892
185
1465
412
288
416
799
1426
1272
1342
285
885
946
281
481
1003
642
1299
1551
209
234
63
1439
402
972
1387
378
399
1045
1302
726
716
1209
419
237
904
962
1094
1085
1527
1207
54
947
1417
113
1476
1566
1537
1252
273
215
1257
187
891
554
106
184
370
1106
464
1519
348
1493
1513
1367
1375
1482
590
1410
1262
871
30
148
1230
849
564
68
1596
517
272
1447
579
1139
545
388
1140
1006
85
1089
1194
1556
295
497
1135
1335
701
1374
383
327
881
692
789
208
706
153
74
1063
1233
516
876
811
745
909
921
920
1348
967
177
672
93
1034
1255
558
1589
894
406
1024
1136
1412
1066
375
168
1570
196
495
1524
601
158
16
1449
140
231
966
1229
870
1174
873
1554
964
1303
1115
353
417
555
433
397
261
189
810
147
1443
1310
1259
1471
511
202
76
50
159
442
452
923
1528
646
75
744
685
1286
1215
395
867
1336
1105
307
851
1481
1594
287
856
365
1245
1584
693
731
638
1125
233
948
531
1030
879
801
1354
565
152
508
9
1231
1333
125
697
615
163
658
154
887
1525
427
271
1321
443
1533
205
1090
724
699
664
765
326
807
1324
488
91
39
1201
790
1451
52
1492
1124
529
1514
666
118
895
543
72
626
750
501
227
286
360
1016
594
1264
560
1069
278
455
1295
1365
694
1154
748
41
1319
33
1251
679
621
1227
1002
902
302
34
138
1359
821
1004
951
275
756
1538
211
1483
1238
1565
122
70
182
1053
170
141
460
1488
1292
636
1205
1468
10
1441
1117
1434
889
314
839
1409
1407
123
332
671
1440
752
101
380
1501
1020
1396
802
1339
1421
614
1031
265
385
1580
180
1072
95
1062
347
668
17
1512
847
1388
532
282
971
1161
26
1454
622
1473
343
133
974
1183
1395
1331
1542
345
230
610
1103
985
1206
1477
539
35
199
13
1211
775
334
136
1204
1043
599
572
366
913
961
440
1466
896
1114
843
1507
1306
577
1172
20
906
1175
1222
597
167
1067
842
833
782
1327
898
886
606
919
800
903
1456
549
387
1373
1050
911
465
311
1314
1121
64
1515
59
1509
977
1123
45
524
492
382
677
490
1532
784
121
1167
600
1455
1300
149
764
291
107
393
225
1438
228
1021
1500
719
738
223
219
917
835
1253
1220
585
678
711
462
591
178
561
703
11
1283
150
1048
794
1325
1160
994
1402
1452
619
912
916
617
723
22
99
986
537
1540
333
456
647
217
1019
477
1518
1226
526
510
127
484
691
262
777
1127
730
1001
795
1138
1491
915
735
