306
1512
504
1482
471
1178
1002
891
753
1390
1411
524
348
72
40
906
1032
219
789
1520
1025
1345
1136
600
884
175
694
596
537
1098
415
1126
1262
107
556
1009
136
127
521
141
242
319
394
780
1376
1261
1068
584
981
883
1314
986
1413
899
457
608
451
132
489
1152
1182
154
749
855
432
1365
1224
531
1072
153
1496
1484
1094
622
823
318
525
1127
859
1549
1125
1145
1502
1227
311
1527
391
53
1388
648
696
101
1578
630
1300
271
1238
731
776
339
998
730
377
553
982
1375
381
616
800
1316
1423
1299
570
39
665
188
186
1138
1371
554
619
267
529
1358
952
212
1217
951
310
25
475
1585
677
493
1233
483
572
1144
227
1292
723
298
826
3
1276
886
30
1312
939
1303
1387
769
1290
591
180
528
1166
146
1113
1588
1090
303
1489
1467
1017
742
517
799
1551
477
977
322
420
171
1268
716
1225
676
962
1220
970
746
1013
234
251
737
698
992
1075
765
1058
888
834
353
1480
135
1370
787
1453
63
332
1280
1021
145
1117
1171
356
565
1221
1089
550
1085
1589
1273
668
1584
1207
214
513
229
1569
1434
966
264
673
304
77
241
875
192
28
1503
65
369
1405
84
1440
1465
724
1242
1184
1048
1007
633
1307
1241
803
67
368
738
1498
38
1191
975
190
460
945
195
358
469
233
111
388
1560
468
1080
794
844
914
1206
686
496
502
109
1570
1582
766
739
610
842
652
650
1567
1497
983
116
1231
434
115
598
247
26
426
1472
397
470
405
1529
92
755
1064
987
198
183
1159
365
1322
1176
466
376
825
1210
516
1033
792
761
1275
291
17
878
1199
501
398
1424
1382
1581
327
206
994
261
695
218
476
1330
759
1479
741
85
1540
503
137
1135
615
733
1103
679
446
482
360
1157
1447
767
812
16
184
902
1504
1381
170
1039
185
1189
408
343
711
1248
165
1010
631
1469
664
1394
295
425
559
960
1538
720
45
512
1078
331
385
764
609
236
1433
216
1116
1530
80
359
1319
373
974
682
934
161
312
177
324
1399
1200
1194
1180
836
599
1294
194
1006
118
169
1161
333
1146
880
1519
418
1386
941
1541
806
1050
282
253
1129
1305
1133
456
687
1151
1024
683
1061
472
395
1354
196
978
656
179
1218
47
1404
858
128
74
98
1537
873
325
571
350
1057
1131
1197
117
1023
775
690
852
1403
224
1245
452
1461
403
416
1488
979
788
1278
1547
1298
1087
541
1558
1526
467
709
814
1243
762
222
296
12
497
308
551
243
811
1304
1040
872
1525
55
213
904
972
1308
414
607
1070
843
1214
208
514
1311
235
1263
447
830
678
1051
4
658
1436
950
507
997
932
890
928
1572
535
750
523
491
473
1234
252
708
459
964
1149
548
706
1073
387
1412
372
193
649
260
923
573
1216
294
354
1244
393
1366
328
1350
287
259
71
1034
638
587
721
704
129
635
894
341
1431
969
1401
576
722
862
42
1249
585
7
248
1329
654
714
1509
421
1353
1124
1389
861
1458
562
488
993
112
659
1368
24
641
299
106
1508
347
445
103
820
450
1561
578
1264
1568
346
1259
1042
847
1596
1045
1444
774
901
44
32
254
1198
1272
555
634
228
1205
273
283
37
1392
1293
625
824
1460
1054
345
1583
1421
509
230
956
588
454
87
197
908
20
419
363
867
1575
1338
1093
1574
1360
1448
302
274
147
189
772
223
1416
646
500
989
448
110
712
1022
1493
1331
606
617
927
1507
760
427
1364
542
1407
1531
1101
364
1277
314
1
1020
1406
917
1369
963
1130
832
1352
49
1154
105
849
527
1186
552
1095
336
752
204
519
1521
210
922
370
1175
1534
1177
773
701
1155
1557
743
735
1468
1516
675
1236
1196
1450
645
94
1535
1455
515
158
1015
931
330
680
1302
257
1128
1362
1594
435
375
429
54
29
1437
1255
484
736
1361
1466
1528
1550
1018
81
819
719
209
176
518
699
967
990
250
791
1004
740
916
868
574
1555
1000
1192
157
211
1082
293
1417
818
568
1548
1215
984
674
329
757
912
809
474
539
1120
545
1367
36
1332
305
382
1576
75
935
1001
438
666
804
139
882
140
1356
636
1027
546
522
149
458
1162
1385
592
1359
272
895
697
1202
1164
957
1028
1533
268
1076
35
150
1137
602
221
947
624
1485
60
1265
829
164
27
288
114
1337
1003
620
1077
449
930
985
991
281
307
1490
144
1291
1282
1260
69
1074
702
1340
424
1246
237
442
508
89
853
78
205
889
131
485
605
1571
1257
386
612
896
181
1142
1559
879
915
778
710
857
1005
705
1325
1163
869
856
651
1351
754
1506
925
827
771
1237
1342
1321
655
220
344
821
1441
1592
940
1318
238
404
1396
340
64
1229
22
1341
134
1545
1442
1056
1522
919
870
99
285
560
172
805
263
601
396
881
1363
965
770
371
590
885
1235
1310
1347
1232
199
1269
1296
506
1053
478
1065
1373
785
1334
203
973
1031
11
1250
173
795
944
580
8
357
52
245
892
499
66
1109
14
802
831
1160
577
152
863
1107
1513
942
1223
361
563
866
1208
850
1060
1193
1252
1172
1183
231
1348
1019
948
797
943
232
926
520
1495
839
597
258
1391
413
1429
1449
657
1041
841
95
225
41
1317
1097
851
1539
1491
1286
1016
954
390
160
933
120
1106
544
1071
1030
744
1335
1123
59
593
782
728
816
163
378
603
269
453
1435
366
1343
672
632
1169
1309
23
88
1026
924
1046
1339
543
226
155
317
191
1515
643
1471
494
1043
913
1383
275
1079
871
1505
265
1069
334
808
534
289
569
1487
835
976
1563
1204
1501
462
838
1494
33
1143
1475
854
1323
313
621
286
1500
1203
126
1577
441
342
18
1397
1012
798
685
909
464
437
1108
1462
104
751
807
1115
579
321
745
1114
1408
19
1546
1230
407
320
1118
1452
113
215
1301
58
202
1379
338
1014
1357
526
167
661
1400
323
980
83
46
102
1409
492
270
547
756
1104
732
1141
667
758
715
0
1428
1536
1211
1011
465
138
1100
1213
62
533
1566
43
511
401
845
1463
309
530
1195
1511
781
1438
1067
68
642
278
611
444
1044
1377
505
1459
495
594
1415
244
1258
100
1395
96
726
1167
1499
355
455
1470
1247
910
1287
1384
1454
921
79
938
61
1251
300
833
613
1313
400
384
443
1284
1187
887
637
1168
639
1148
1315
481
1456
93
436
5
898
1378
411
162
1562
73
1445
374
1239
1121
255
801
1219
480
178
1190
174
1564
1105
629
97
670
21
846
777
1052
700
1425
91
628
1476
1150
256
389
301
337
1580
1510
1029
911
1066
1147
148
498
688
1226
1393
865
644
399
1427
422
380
1420
717
1483
604
558
1059
1326
1092
90
440
108
618
156
763
15
1518
297
10
266
367
1439
796
692
575
725
663
1140
200
362
1336
1430
1446
1119
1132
837
815
1586
713
1597
1112
284
240
995
292
623
48
1037
262
1088
1228
1209
51
1055
1481
828
1523
121
660
142
2
918
1102
76
1188
840
693
729
409
124
406
246
1253
897
1517
1289
1222
1595
159
1063
86
734
1593
968
277
1573
936
1587
1173
290
876
490
182
1327
1008
813
379
566
727
123
561
1320
671
647
1328
315
586
1297
1544
207
1410
82
1122
1091
540
1591
583
239
684
351
1402
439
1349
999
1036
1049
1081
1443
122
662
1185
1380
463
1374
1355
1477
249
864
1579
1158
168
1543
1565
1274
1486
1096
217
669
905
57
