788
410
305
1023
917
282
1446
333
771
967
286
903
534
1186
1406
407
109
1106
56
954
563
1168
1393
1235
459
1021
189
1008
1152
455
147
137
530
434
1245
1129
709
17
76
430
235
972
432
329
855
283
827
546
88
91
1546
806
574
627
581
518
309
618
149
539
1437
1531
1502
1373
314
255
816
624
1215
640
1176
3
669
302
1017
1547
400
270
168
139
367
62
942
1478
1363
442
604
1060
1100
1574
1126
875
660
1178
1571
789
682
1087
1093
1133
910
1394
1254
293
9
549
1481
582
589
1015
83
1453
360
1256
1352
1052
992
1271
1216
233
927
1038
1250
1026
1392
897
424
677
936
1270
1155
762
1558
517
482
585
906
1064
665
478
402
892
1527
1424
80
1205
1457
377
19
1035
837
622
1590
768
752
1544
1566
643
61
673
1123
1128
439
878
1191
1370
970
782
504
1535
1075
1432
179
1180
817
735
1030
117
414
1550
1551
473
975
1486
734
793
390
200
201
608
251
101
1003
1379
845
269
461
116
496
242
132
1482
1578
684
1443
1374
1417
1409
1523
1007
288
121
1057
1080
1548
78
1241
114
1109
584
1049
1444
1497
1576
46
784
1179
726
1012
922
317
1234
199
552
989
289
1182
211
939
1274
1532
558
248
209
1416
324
1033
491
260
553
169
1294
30
1206
27
937
365
356
186
449
145
1356
1470
877
1500
893
1190
276
369
561
1425
1586
977
128
401
136
1496
1418
93
52
1020
1455
267
1213
4
569
1034
355
319
1001
766
1302
531
862
63
515
354
641
792
1401
279
73
22
1107
490
458
1221
851
544
592
1488
914
1380
438
822
907
191
1044
35
53
1429
155
332
1045
311
379
1229
1101
415
397
619
1164
548
781
1036
183
1272
962
668
773
1114
961
173
1086
1096
287
991
357
393
1006
1388
986
228
316
508
81
273
1280
791
1193
533
1163
603
1422
1169
1573
900
221
1174
1594
171
1298
1515
403
124
1463
951
602
945
1208
1505
887
1533
836
1071
163
1361
1344
318
1098
651
208
210
125
1376
1263
523
77
934
265
990
1046
194
1134
987
683
1483
685
720
1192
1494
427
1099
1410
656
1539
37
161
579
697
1090
998
562
450
1514
721
811
796
630
815
1317
982
146
1
614
1465
1563
680
42
383
774
1121
1569
321
1490
1267
1347
885
1333
1243
48
1575
974
933
857
1391
507
950
671
587
1592
1112
1596
1103
1442
334
417
812
1084
842
1199
322
821
514
374
71
1047
860
1524
224
926
1170
1584
645
1132
923
247
1227
156
1371
204
891
1150
1328
398
570
960
24
741
790
1477
921
320
646
1260
252
465
349
285
1433
1284
1358
938
244
468
47
993
1407
362
1415
1200
804
275
259
226
1597
723
905
306
1252
98
1389
497
1083
1421
451
212
930
1184
999
889
678
122
902
1138
467
1541
197
1495
1160
240
758
1295
810
456
343
74
1154
1504
1430
1032
1426
689
1375
957
1024
471
1117
545
1556
1055
557
1225
925
1143
943
590
1140
340
1440
750
1029
304
67
308
606
420
1364
829
1423
1564
413
748
819
1301
166
21
243
1461
649
386
1185
612
858
653
953
292
1411
238
823
1050
40
1217
803
575
1297
1588
256
1304
747
229
225
28
583
1498
704
1327
629
1471
1369
368
372
1223
635
1196
190
119
165
130
940
423
1013
96
716
271
339
896
1151
542
873
659
1082
205
894
661
1412
1400
637
298
551
484
757
872
1102
1061
1323
1259
384
1552
1111
1142
597
395
463
739
411
274
512
916
706
301
524
1299
1510
1291
1319
714
703
667
867
75
32
785
807
215
1282
928
1334
26
1309
749
1565
1161
912
218
568
1172
1396
1224
918
797
838
779
532
1484
280
767
1300
1568
1506
1542
1068
1198
277
1148
57
1378
576
499
148
296
380
1197
1450
676
457
1181
959
1115
888
1441
560
536
51
475
429
141
479
84
326
474
220
330
1583
871
1072
1439
745
1088
1492
881
1399
1016
601
72
312
250
729
160
1503
111
1557
257
550
516
1419
8
1130
1431
711
502
800
1079
746
1156
578
809
350
1313
919
647
1572
686
1464
60
106
1315
472
338
1325
1353
382
353
249
713
1581
1458
352
632
540
469
744
1521
1340
1201
1002
325
1237
1598
1339
299
1580
213
529
1189
232
621
1372
1312
1157
631
385
486
769
814
1159
1322
1074
610
231
513
626
1218
852
331
825
1265
786
1244
389
1081
699
297
1593
127
783
1296
1039
708
707
1331
705
416
727
1390
135
844
45
503
890
104
348
1314
850
639
378
633
870
519
1203
625
834
154
1466
1095
1145
388
805
666
246
1427
738
876
1543
956
36
43
662
1342
564
406
85
932
753
886
1329
363
1318
1240
616
44
1381
849
755
1359
718
566
824
1108
488
1330
87
222
89
1010
361
435
421
264
107
129
371
177
1287
777
485
691
477
1487
31
158
565
527
698
494
648
1004
426
1520
13
595
538
1222
1251
818
864
1281
1162
1258
498
1253
719
1054
441
445
307
453
266
404
520
1545
1491
1561
1293
1094
1283
1249
387
351
543
481
11
1166
964
1292
1202
1522
230
688
345
1022
1467
1553
313
462
112
1447
359
573
105
898
795
50
571
1468
1451
195
567
1248
464
874
1351
599
1582
489
1519
702
409
1567
38
391
290
1014
770
418
1230
1595
263
198
947
94
97
437
16
66
572
832
1085
798
681
1246
470
131
1228
444
25
1066
1139
180
1511
728
294
454
1105
182
700
1534
1288
1119
657
1346
997
440
1448
1460
1305
1537
968
1326
310
92
754
120
5
336
909
598
1118
1414
70
650
10
315
1116
493
715
495
510
1560
1445
1137
261
193
772
206
103
1141
174
655
501
153
664
1146
522
1320
0
176
1589
394
1025
1204
1493
670
1345
295
399
86
1226
1403
1509
258
1454
447
833
1171
901
1041
1149
1091
775
1479
948
1343
466
1501
1395
1110
1385
323
848
1526
1188
694
607
337
1261
1122
151
144
995
1009
1408
115
808
1005
1275
123
425
941
958
843
865
1187
1011
181
880
33
826
1276
422
929
431
1383
373
913
1147
978
110
725
761
1018
756
82
1404
344
863
1062
234
813
347
207
1307
126
1131
41
58
509
392
1350
152
879
1518
724
908
1332
696
1220
219
1449
245
1175
1311
1255
596
701
1070
436
693
759
1264
985
1587
537
868
976
1207
237
2
18
90
904
1474
1273
636
370
733
963
617
1337
49
663
236
192
342
920
202
988
300
586
1058
554
1517
828
594
526
830
778
1528
6
1585
170
623
736
924
159
1489
895
1269
1278
1183
731
949
1059
1194
799
882
175
142
946
611
376
1257
505
722
751
1019
1434
859
615
1368
591
1579
167
480
1452
164
15
34
138
787
118
1436
1508
284
1360
556
1554
1398
1420
12
692
1177
1405
642
1212
188
1285
64
1232
577
717
760
1382
732
1335
1037
1536
335
763
452
1529
559
1135
690
433
847
737
674
1469
952
65
1324
476
609
1242
765
68
187
272
1214
730
216
1306
1076
412
366
14
644
1303
605
448
973
840
381
1124
150
1067
600
955
1472
253
487
1507
1043
143
658
408
133
911
1048
1173
172
262
1413
1266
428
79
1279
500
1077
1354
254
1475
971
214
1386
884
1120
794
460
1355
856
1387
54
1473
1089
1577
1092
580
831
1377
996
1338
511
102
547
535
341
1438
1562
695
1559
1236
820
1397
1485
1402
241
1153
802
846
303
1209
634
679
1165
915
405
1158
