404
373
685
552
319
158
447
234
72
656
451
196
71
749
273
604
328
353
227
389
157
655
262
601
367
109
597
698
631
80
172
3
702
124
34
594
521
550
26
454
512
299
623
78
350
697
249
110
606
340
504
699
188
689
363
595
498
147
271
185
129
132
752
98
757
183
352
297
719
414
397
289
17
480
100
529
762
228
210
578
418
364
314
477
145
494
14
572
614
239
522
282
651
716
32
202
312
204
333
571
747
401
737
290
303
189
365
127
690
427
670
683
517
99
536
96
620
90
334
486
745
8
573
419
139
671
38
461
136
198
69
293
423
236
226
527
264
711
152
637
106
193
565
248
163
692
50
393
659
531
686
681
62
268
82
405
338
649
130
161
265
538
44
490
37
122
148
111
349
446
628
179
63
534
306
151
537
452
220
712
421
269
167
674
361
457
217
375
710
416
252
66
36
15
272
616
225
553
615
65
738
326
619
566
21
301
131
325
134
633
523
344
383
714
162
24
398
679
77
732
286
7
746
27
214
627
567
403
643
377
605
493
327
308
104
608
425
209
277
298
682
300
735
60
725
313
79
116
646
95
278
156
478
544
315
555
728
396
680
434
524
568
51
304
484
395
546
694
281
469
540
203
84
295
318
511
687
410
11
514
740
445
263
342
639
569
481
266
724
502
673
105
19
6
10
591
170
88
360
146
586
640
663
137
126
276
39
574
194
112
381
115
436
23
448
165
761
257
753
499
241
653
691
212
600
219
443
291
75
174
435
330
118
120
81
658
675
473
433
331
657
471
501
545
539
459
520
575
579
362
47
562
561
355
693
592
742
351
741
650
399
652
2
285
245
696
462
632
294
33
61
467
611
528
609
583
465
192
513
554
323
618
322
442
57
489
378
630
648
382
261
191
40
91
155
510
420
548
751
376
617
260
83
30
279
483
141
440
237
235
509
409
497
251
253
428
181
52
525
287
430
117
370
394
407
374
275
195
532
506
43
329
515
662
133
166
654
102
557
1
642
449
160
558
25
176
647
734
603
123
199
320
629
128
707
190
437
456
184
207
87
743
551
101
474
720
519
339
29
18
713
598
485
336
274
468
460
518
664
717
302
444
35
332
343
380
439
641
535
482
599
516
270
638
54
346
12
256
765
709
348
182
733
470
636
171
359
526
45
660
20
369
392
587
464
246
149
311
73
613
58
408
358
626
218
492
610
206
668
549
624
324
661
309
150
97
232
371
103
55
223
187
666
413
221
86
258
178
411
283
240
672
41
422
74
211
763
748
582
142
625
222
114
438
201
49
588
242
372
48
645
766
700
508
0
138
13
321
589
310
736
354
764
722
705
634
576
453
721
93
28
68
5
267
386
507
224
455
153
4
500
759
563
154
744
739
580
560
85
731
384
59
755
121
387
356
259
585
164
307
379
390
347
197
621
644
472
432
556
488
593
723
280
173
107
366
305
180
296
388
22
213
70
230
345
718
635
487
159
570
125
391
505
695
231
703
701
754
42
31
247
479
175
475
284
337
140
316
16
233
243
684
706
46
491
715
495
533
135
144
76
667
590
292
458
357
730
238
476
503
547
