653
142
596
130
573
704
601
363
511
459
151
447
351
462
371
135
208
405
43
332
61
412
200
743
54
544
168
705
519
377
103
209
76
52
190
605
323
55
162
509
299
100
187
657
673
713
134
69
199
131
758
718
341
451
16
614
642
51
570
345
107
607
411
468
273
214
656
379
397
325
159
230
71
348
372
422
425
157
736
581
453
477
466
455
140
20
617
96
478
494
172
618
539
388
538
283
197
591
450
565
727
594
589
665
275
672
686
529
475
241
513
445
390
102
122
331
138
132
361
677
621
374
68
2
500
186
145
592
272
219
567
292
499
128
254
13
715
559
719
541
531
382
476
469
305
399
441
243
669
542
572
313
449
606
561
101
31
583
661
246
376
612
44
659
39
392
535
294
571
79
282
290
679
18
424
670
401
170
154
463
452
105
27
121
163
309
720
387
732
489
398
404
83
440
667
688
721
502
622
568
761
464
375
194
562
242
711
262
340
631
536
640
749
389
696
510
627
456
257
400
193
17
575
419
611
40
443
109
516
540
378
327
289
767
269
505
46
639
666
730
141
5
334
555
381
369
365
104
608
274
600
64
136
658
694
353
225
480
284
30
681
32
87
530
301
264
645
609
245
203
53
613
370
320
671
164
108
280
518
192
248
725
213
143
551
497
492
118
169
50
590
364
438
156
458
119
685
158
3
328
221
523
764
700
146
582
342
678
515
396
258
552
23
48
287
762
603
237
212
628
407
8
454
211
133
191
391
24
188
467
383
314
698
173
19
403
574
689
651
586
129
286
359
95
729
435
67
384
446
619
514
550
333
247
737
766
504
303
434
526
674
508
81
410
733
548
735
637
413
647
660
493
416
117
74
759
682
632
318
317
495
527
73
433
235
120
207
635
80
740
697
279
285
702
355
576
709
329
268
312
236
160
734
521
525
587
62
654
739
728
491
270
307
185
549
748
426
296
716
708
98
28
322
662
385
78
59
180
352
556
693
473
338
216
210
528
577
763
522
442
196
93
234
554
183
267
745
638
431
278
271
204
155
35
626
633
415
684
687
479
741
373
1
114
753
178
765
490
676
427
615
417
115
113
644
675
347
22
72
250
112
643
227
161
21
91
148
367
304
124
175
335
337
537
349
598
57
380
33
474
177
558
553
724
201
448
60
460
655
506
7
281
356
368
346
41
218
487
557
481
569
261
171
66
6
357
99
291
45
244
166
205
599
546
444
182
110
409
402
498
436
167
751
624
545
256
668
125
0
395
25
300
636
220
97
86
198
564
394
488
255
610
315
310
641
616
111
486
625
229
520
457
82
517
330
429
699
232
750
760
184
683
195
350
629
224
65
277
738
92
579
4
226
150
755
439
266
547
680
648
712
747
302
483
306
470
703
406
223
263
49
432
744
524
465
293
42
137
423
726
259
420
174
742
692
189
754
77
484
215
360
757
222
298
366
176
584
139
471
752
339
588
297
701
106
288
311
354
165
326
260
602
430
604
276
593
485
56
560
319
695
231
566
94
649
620
9
147
714
652
10
233
89
14
496
206
123
12
534
461
144
265
663
90
507
418
756
634
543
421
650
