305
158
12
276
26
692
139
253
731
759
326
657
442
216
687
65
643
20
440
740
6
131
609
704
586
511
77
750
550
286
543
196
156
691
565
732
436
745
632
591
735
344
437
150
234
136
232
375
145
294
240
748
499
607
193
191
594
298
75
342
279
684
293
88
476
644
587
369
30
488
291
581
138
727
595
311
140
242
495
61
327
693
517
99
301
431
160
658
371
404
588
429
521
162
161
601
618
343
166
117
69
278
508
459
173
532
455
122
599
764
585
258
571
181
456
462
297
266
401
332
197
579
454
0
537
635
109
578
115
67
717
324
172
500
747
697
542
126
464
671
751
34
299
247
558
664
723
583
331
63
218
444
410
452
729
76
479
467
36
584
338
408
754
227
271
15
200
114
461
95
353
285
177
358
17
303
503
334
529
382
269
486
421
598
356
21
257
712
178
245
739
755
744
33
756
325
660
336
322
443
228
83
47
164
307
708
689
580
489
710
98
485
313
22
119
167
275
438
417
272
304
381
494
702
230
576
389
516
502
478
713
32
79
46
392
318
16
354
593
135
412
396
144
634
248
615
390
552
474
610
113
481
147
292
419
31
725
350
169
468
175
134
405
211
123
645
527
29
642
130
406
706
142
674
152
413
225
39
339
602
208
661
51
762
146
13
185
648
695
159
415
1
716
317
128
129
446
473
195
302
44
465
106
523
701
212
590
441
84
315
597
546
694
448
626
157
349
445
168
42
758
463
496
711
505
612
107
259
43
549
453
72
78
118
627
190
366
192
357
102
352
254
249
110
267
337
506
359
490
518
556
8
530
617
85
608
391
38
372
707
209
705
376
165
501
649
447
18
205
250
738
373
188
677
27
582
287
482
737
451
411
656
682
752
652
335
308
638
525
639
589
600
124
280
685
255
688
726
186
137
24
746
757
566
241
383
384
728
82
393
568
721
2
487
233
472
386
683
364
625
471
424
300
11
741
321
510
414
174
679
54
541
572
370
213
646
567
52
551
623
346
534
624
252
439
577
120
724
650
449
277
561
524
766
555
111
633
450
365
536
127
379
58
753
432
659
316
395
535
545
676
749
722
45
575
743
274
564
237
574
256
662
201
388
14
295
105
28
214
596
314
559
296
709
56
199
538
238
430
402
290
202
622
37
246
504
620
428
143
425
265
714
340
528
184
616
469
569
560
681
64
239
270
153
87
19
362
155
763
68
736
605
570
458
194
374
477
10
7
416
207
244
426
180
491
470
654
5
718
400
189
540
226
460
515
665
409
423
163
320
397
329
149
154
669
70
630
433
385
310
251
407
734
399
348
23
94
312
562
563
493
619
519
647
720
217
398
377
497
394
264
261
141
281
9
210
80
544
678
235
522
592
3
108
403
171
422
514
121
533
306
767
176
760
229
170
93
53
89
206
81
4
204
690
74
351
420
103
86
347
73
60
125
457
41
323
699
284
698
59
526
48
236
509
361
512
613
341
614
35
603
319
309
116
547
663
761
289
55
288
631
434
673
215
520
112
50
133
333
466
363
700
498
653
273
49
92
655
97
475
182
179
101
203
368
733
606
360
667
629
641
355
