104
480
87
492
226
200
679
552
418
344
393
530
271
402
251
744
675
491
45
479
694
656
202
620
521
197
636
332
16
253
371
355
19
555
294
252
365
404
285
293
240
536
139
44
564
100
112
172
238
322
695
447
255
717
701
189
543
767
62
723
569
56
379
321
507
105
682
121
703
766
348
584
94
562
559
39
15
747
706
218
196
272
35
82
729
26
343
90
462
714
72
335
21
287
273
122
398
468
522
231
616
198
608
486
724
503
646
539
635
427
174
680
477
667
580
55
397
286
452
53
8
27
654
277
5
607
641
309
626
736
696
177
145
759
153
75
116
732
47
103
686
191
577
601
403
666
20
385
183
678
28
292
475
38
225
600
596
412
336
561
320
648
499
22
302
266
295
6
716
327
350
110
713
528
624
187
709
466
534
192
670
30
761
313
719
149
571
193
12
598
143
439
519
739
702
367
14
755
651
738
351
314
498
11
154
86
424
378
415
114
58
509
677
595
312
304
250
574
554
581
513
162
585
316
565
10
718
257
541
603
712
430
74
563
591
48
317
467
311
500
392
527
57
308
342
496
659
386
406
228
126
288
765
550
373
389
247
330
195
382
83
25
593
746
556
676
300
566
618
699
443
515
459
422
432
296
720
383
51
417
510
269
78
64
660
157
751
472
707
29
516
199
705
634
400
119
323
303
663
280
334
640
710
711
91
270
548
546
416
525
532
597
474
298
88
419
340
490
721
368
442
438
326
630
622
297
735
346
668
505
180
549
687
605
127
237
265
557
440
81
118
129
421
588
59
547
125
764
185
221
567
276
152
638
140
102
387
457
506
734
194
691
111
394
32
484
36
697
537
760
354
455
464
50
173
698
358
470
473
435
602
249
219
512
169
333
85
155
375
13
362
222
369
414
730
741
579
366
92
338
493
642
33
482
451
289
254
80
208
347
217
268
748
299
526
469
23
165
627
673
315
750
599
209
31
535
132
142
621
305
428
531
410
98
757
460
409
166
582
223
233
150
613
483
609
60
345
306
708
478
89
37
704
291
731
99
637
261
106
504
147
629
690
307
570
182
108
727
135
115
448
445
568
693
176
168
617
256
664
461
9
137
514
661
446
301
631
310
725
148
628
328
381
170
433
357
364
325
188
377
756
69
40
337
463
681
589
246
575
244
758
134
46
349
164
391
508
63
214
262
545
612
465
625
179
352
390
372
551
359
671
388
215
151
113
502
645
558
449
161
184
604
370
171
429
203
586
331
160
611
742
124
395
413
68
34
71
674
216
653
181
715
649
672
578
341
123
737
426
655
42
592
136
380
224
24
109
67
441
54
408
450
688
650
476
339
553
243
84
437
227
120
524
7
454
644
494
722
17
407
405
1
65
210
18
658
96
485
753
453
615
73
643
263
175
399
665
623
481
726
138
572
619
178
93
242
283
66
458
220
669
318
235
259
573
128
657
523
232
520
159
639
733
274
544
456
425
517
749
518
212
662
282
689
284
205
229
501
495
258
131
542
248
70
239
107
0
204
275
356
533
206
606
411
97
692
156
560
186
290
700
752
434
260
431
324
540
2
279
79
683
