374
594
693
640
571
140
184
50
498
430
301
676
255
25
136
499
336
233
758
76
641
211
565
385
690
605
4
617
367
419
372
591
119
214
752
151
71
409
172
512
189
458
450
13
170
530
581
741
635
146
633
647
541
326
488
626
261
295
144
735
38
30
278
223
250
306
638
361
8
275
740
646
368
152
296
597
173
463
630
293
473
603
78
81
529
663
589
113
290
92
150
459
42
69
547
335
714
158
198
22
241
125
380
596
201
85
135
691
545
59
396
317
345
55
254
472
26
116
258
490
702
590
520
360
747
551
732
394
242
344
629
535
99
491
277
543
660
684
682
427
711
7
451
570
452
606
644
312
683
183
522
420
762
14
276
299
618
478
175
341
260
692
309
634
349
549
19
56
437
604
75
239
534
686
40
204
725
661
36
16
668
325
234
171
492
320
423
318
3
89
662
169
412
474
362
271
67
539
137
455
104
311
17
145
376
310
93
178
744
354
12
197
763
65
457
324
352
766
257
700
343
110
228
236
679
105
353
542
468
716
649
322
466
282
622
501
174
34
739
664
72
221
395
118
252
77
209
369
689
428
294
560
519
165
249
23
736
346
521
95
454
426
449
552
518
402
695
133
418
219
248
355
707
43
156
593
704
726
517
559
544
448
259
480
573
637
200
655
533
185
508
717
215
495
348
759
587
470
120
216
486
631
730
124
577
670
379
194
308
160
510
652
148
436
558
645
111
688
267
179
514
138
509
168
595
537
599
586
207
103
62
476
315
671
546
64
206
366
745
195
191
424
578
620
218
82
387
628
624
288
205
748
117
227
27
213
91
607
356
177
188
677
556
483
192
755
11
61
475
548
425
54
303
115
536
251
705
232
685
611
176
479
143
286
130
70
696
193
564
406
613
298
656
49
566
319
724
314
0
97
88
438
754
47
731
328
155
621
487
608
681
585
94
240
21
389
28
347
263
149
60
321
329
422
109
756
643
313
734
63
557
728
167
279
132
330
220
750
398
678
351
269
243
749
554
163
636
467
516
718
431
90
694
667
378
18
639
304
722
122
675
101
357
80
256
281
743
9
46
482
108
687
393
484
568
264
414
623
575
625
147
397
231
669
222
553
247
502
421
456
57
650
524
15
697
404
224
602
500
746
601
31
610
73
334
285
761
507
415
181
316
33
202
84
485
83
703
210
384
244
383
35
323
648
2
453
583
141
134
10
106
446
567
29
68
79
598
128
561
186
291
212
48
600
461
245
538
225
327
738
765
464
615
5
584
45
680
462
126
471
511
719
727
139
619
44
358
562
708
266
569
292
390
405
400
283
401
217
709
359
208
268
371
196
742
331
164
440
443
760
444
666
112
262
612
576
609
751
592
253
187
439
159
665
706
674
129
37
574
737
41
563
441
307
229
767
340
162
434
289
199
107
190
52
432
338
651
757
729
417
435
407
157
496
713
100
230
238
580
408
540
32
513
416
442
161
131
504
203
300
127
489
87
531
66
6
373
723
614
153
715
497
429
102
632
433
182
753
532
710
465
363
672
658
123
386
403
525
699
342
381
235
96
411
447
58
413
53
698
503
720
