640
469
687
352
226
697
737
368
287
102
248
267
582
668
110
79
472
201
74
406
655
576
304
228
232
28
672
583
650
754
77
684
189
280
114
76
465
728
438
762
436
306
460
599
552
371
297
356
635
501
51
43
126
386
546
379
151
358
523
430
162
142
138
132
364
751
135
268
535
179
222
703
70
32
136
743
19
5
504
252
266
23
677
250
765
61
573
476
633
509
725
255
38
270
167
588
345
396
374
701
143
562
360
750
731
363
503
242
559
72
423
492
511
112
63
62
370
375
618
195
518
450
729
177
615
316
64
617
760
686
66
417
224
40
82
410
580
540
487
198
263
619
290
247
767
512
466
545
629
220
478
642
113
748
547
429
9
144
692
67
351
764
341
695
715
740
90
321
238
549
676
46
688
577
666
457
320
497
708
702
533
604
482
170
505
594
175
335
556
124
125
330
524
506
654
620
550
391
651
625
171
616
308
755
493
439
146
210
515
367
437
120
215
294
587
8
496
749
116
763
163
219
89
98
605
34
742
480
185
387
700
340
277
121
411
657
495
590
548
718
150
324
229
397
186
299
315
561
0
555
481
133
190
69
528
372
733
206
585
741
418
191
148
602
317
606
337
713
349
638
543
140
454
572
84
373
612
730
426
597
534
182
166
265
362
264
2
259
288
96
526
699
295
245
29
99
279
756
137
202
187
181
399
458
471
377
738
553
47
609
342
165
711
52
325
704
300
160
230
305
27
83
333
567
736
514
690
273
334
563
601
97
591
192
402
354
246
285
78
613
254
16
706
575
660
208
646
477
253
636
705
645
483
745
394
441
416
336
22
698
490
37
159
339
735
365
392
212
595
293
532
239
732
380
622
184
596
517
674
57
529
408
681
303
648
630
332
530
39
570
329
256
664
384
85
659
463
213
558
322
292
383
369
388
434
275
446
353
346
679
234
13
331
456
158
455
338
693
739
204
314
141
237
183
449
312
611
581
221
153
451
319
244
453
761
486
313
685
494
637
435
479
283
468
623
100
566
104
73
86
200
6
531
173
522
55
428
211
649
675
155
647
216
610
516
586
231
593
262
118
519
489
309
652
470
17
241
24
36
521
665
678
281
475
15
560
608
498
440
412
343
278
157
359
578
683
656
393
1
407
400
682
318
499
628
433
378
60
105
95
747
527
196
207
169
269
176
571
707
488
405
544
502
101
128
302
20
401
689
152
240
122
180
205
111
214
154
350
357
431
712
491
669
474
50
500
217
448
662
424
361
223
108
709
298
569
75
286
632
680
282
199
564
376
445
71
225
568
462
344
56
422
25
11
390
26
557
274
653
419
473
442
382
670
510
147
536
551
420
129
117
600
744
673
459
691
624
589
243
716
627
409
432
307
88
415
347
696
484
289
727
149
539
661
427
719
284
41
507
508
81
18
746
48
249
634
721
554
272
671
414
94
251
236
579
542
726
395
193
538
323
33
53
614
168
326
667
631
444
385
328
7
452
3
723
541
145
717
261
643
565
127
12
91
301
58
753
639
766
607
310
621
710
92
722
513
68
355
758
197
130
178
644
584
485
156
4
260
49
54
119
