523
436
479
566
146
749
198
368
455
253
597
281
557
196
113
703
707
748
382
280
595
330
38
61
507
218
684
420
688
192
95
591
460
1
26
6
627
121
752
237
105
481
57
319
675
25
676
573
335
71
386
493
88
287
268
419
76
231
435
331
353
722
494
106
454
342
756
614
576
18
20
373
673
50
524
640
615
729
131
734
108
463
134
278
667
241
327
137
210
215
128
49
626
514
29
212
348
486
451
238
491
11
767
242
483
601
740
520
206
257
28
378
258
746
169
404
329
107
124
666
556
390
236
270
535
361
21
709
564
691
690
104
186
578
569
217
112
372
426
696
129
111
529
670
462
714
45
220
54
219
290
79
613
171
643
298
593
396
292
402
764
383
563
273
172
46
103
195
629
30
499
546
619
433
145
674
417
130
398
44
317
32
410
152
188
376
230
359
92
634
668
312
126
65
301
341
763
176
760
202
577
539
642
560
214
567
246
459
259
83
450
279
226
15
508
399
623
401
464
122
267
370
70
227
149
261
4
744
474
216
525
283
515
719
115
31
0
299
174
686
677
144
116
633
352
248
87
750
711
200
337
617
277
710
69
461
41
255
274
407
199
663
310
183
437
590
429
181
74
34
449
12
204
582
377
13
434
320
720
712
207
297
60
551
3
8
506
412
562
93
388
492
307
234
672
10
587
209
318
421
336
235
500
723
168
526
647
309
625
547
154
213
604
622
543
503
418
133
275
588
457
574
384
66
365
288
291
315
471
159
286
194
496
544
80
637
428
530
19
679
190
187
86
713
305
699
628
467
366
324
705
532
718
391
406
254
123
9
555
163
487
167
244
538
351
762
575
96
232
678
40
432
389
708
313
27
717
43
224
349
151
52
393
302
598
48
14
85
497
343
519
501
182
109
683
114
565
362
700
516
586
753
332
757
326
502
295
534
441
250
150
611
489
63
477
306
245
558
156
272
64
345
263
669
759
657
414
239
702
53
528
205
568
42
480
594
424
285
271
282
724
252
276
761
77
509
354
142
162
735
178
620
125
89
447
606
488
440
545
91
173
90
745
630
266
260
100
742
533
425
58
553
641
339
517
16
141
452
51
484
84
431
645
316
222
549
510
344
82
416
229
5
208
247
621
143
413
656
374
685
728
706
689
308
616
311
127
37
262
161
147
415
367
541
184
225
513
456
35
340
118
139
662
758
47
602
422
681
400
265
469
636
423
639
170
321
448
380
387
284
375
240
537
249
664
581
405
22
531
211
443
322
466
191
716
325
730
552
548
221
570
737
726
665
527
24
765
584
379
357
580
505
444
512
554
394
561
585
632
738
655
651
403
680
392
39
81
694
233
511
395
148
56
201
695
294
119
175
166
296
476
369
179
610
550
572
540
653
164
727
731
59
652
654
408
522
605
153
427
98
704
363
445
264
715
117
101
542
612
736
671
189
659
478
94
140
644
453
583
358
323
333
646
603
482
350
75
346
458
155
132
472
743
624
177
99
180
223
364
721
360
62
203
158
36
228
658
754
701
725
592
687
243
33
328
733
732
385
120
381
67
596
755
559
475
430
371
251
579
607
600
