742
686
647
134
120
26
296
125
570
649
77
530
497
354
397
641
228
201
677
552
281
581
329
508
426
78
561
34
137
247
274
460
40
556
469
602
410
720
153
478
145
5
87
528
98
349
208
705
625
404
532
594
252
188
223
488
764
71
206
635
515
658
67
467
507
21
535
653
245
259
19
473
668
730
537
194
9
759
198
595
691
88
308
506
375
217
531
670
599
766
121
402
747
31
659
363
41
550
226
391
536
509
495
438
428
628
135
400
587
114
373
147
583
745
75
633
351
474
388
20
441
721
482
250
711
18
380
382
462
436
463
265
767
22
362
64
568
16
412
269
74
446
273
294
484
328
102
212
219
660
262
548
177
667
291
66
13
174
23
107
748
10
336
586
703
715
277
413
612
580
584
572
588
684
521
65
529
701
448
345
86
520
466
576
193
62
256
100
184
203
377
500
43
471
155
4
266
450
311
723
90
710
183
42
752
105
407
417
685
406
672
522
371
49
268
27
260
334
637
136
341
143
73
213
99
318
480
202
246
326
335
666
140
89
731
253
211
367
257
620
560
468
70
621
239
181
327
261
56
578
732
248
431
740
321
716
238
204
17
409
651
207
585
389
305
58
376
563
339
551
154
618
302
25
7
442
249
523
158
176
139
298
84
157
343
398
505
365
706
306
443
624
166
55
719
489
289
750
293
501
601
673
498
76
493
597
83
319
525
364
411
464
734
384
573
392
230
50
665
93
393
547
2
185
733
405
557
131
59
278
758
360
741
696
338
165
263
244
113
487
353
744
231
96
746
401
394
408
117
606
209
272
424
15
85
481
29
187
714
227
712
640
755
603
693
702
1
356
61
569
280
53
650
494
554
762
285
104
440
724
309
79
690
751
325
287
455
369
589
655
456
132
396
657
361
663
283
542
52
119
390
115
642
694
435
169
626
251
414
200
416
180
254
486
575
636
632
491
754
69
352
445
543
664
313
596
103
708
707
430
437
631
152
671
97
220
264
688
661
461
729
418
697
562
38
310
141
282
63
234
717
168
45
627
301
485
6
579
421
427
182
236
379
496
609
541
186
574
160
358
225
315
276
533
216
736
300
314
366
108
303
590
577
757
304
91
122
630
726
610
646
727
439
355
370
564
284
698
11
39
395
80
142
270
700
51
728
519
527
725
604
472
161
344
385
692
681
678
82
232
317
420
695
243
516
323
682
611
763
241
156
222
255
571
333
539
148
447
623
669
124
503
330
713
378
704
116
652
559
138
679
753
172
639
675
92
622
483
129
101
415
316
348
24
760
765
614
419
164
598
229
347
756
722
357
444
553
235
510
475
739
566
60
644
150
240
654
638
215
205
433
607
127
57
592
465
267
619
502
109
288
163
167
14
242
680
350
429
381
512
648
634
237
221
295
399
151
504
106
214
423
133
292
490
538
130
258
425
374
179
368
526
290
191
271
47
190
197
123
387
582
297
3
386
189
470
403
299
149
146
144
72
337
110
340
35
28
279
37
36
68
457
324
513
126
218
332
555
94
518
676
616
477
459
511
342
422
743
534
492
359
30
629
687
233
224
44
95
196
372
320
608
