423
187
213
328
499
138
595
360
597
669
563
396
338
385
424
136
166
6
637
342
492
368
28
749
708
194
228
676
302
693
418
175
751
438
14
205
659
251
495
54
104
44
214
729
545
717
126
37
272
210
741
576
392
577
672
468
295
168
29
443
436
347
489
387
720
655
249
569
757
405
400
141
25
515
747
49
88
647
760
417
101
275
56
683
630
335
613
7
304
706
170
441
134
701
472
179
743
308
398
734
311
605
450
651
345
243
149
90
203
299
437
525
374
188
154
682
344
323
612
500
3
484
20
208
31
65
287
109
9
587
486
723
46
143
408
767
128
270
225
433
664
458
632
593
300
764
244
284
66
283
340
728
135
376
148
240
237
117
491
614
271
312
48
446
631
488
427
151
549
742
510
607
12
60
301
733
546
21
253
93
762
337
184
305
675
763
152
121
697
96
518
753
222
57
414
233
678
334
324
638
537
415
26
177
428
474
164
115
13
497
167
315
624
375
336
502
532
513
10
404
522
519
15
198
226
557
402
542
653
677
445
86
38
413
178
616
265
539
288
618
130
722
674
303
23
256
506
592
636
461
652
92
687
704
182
654
76
95
127
155
558
533
673
752
227
507
730
59
47
201
584
658
142
661
81
544
282
462
108
650
157
269
759
36
691
346
501
8
622
471
202
710
505
705
565
32
209
731
401
670
111
180
163
380
688
172
435
260
564
40
665
469
52
709
598
588
746
112
367
43
383
463
343
42
252
365
447
425
158
735
195
123
185
452
389
84
369
200
322
644
531
527
562
238
758
80
377
78
690
617
543
642
453
594
580
339
215
410
766
707
199
297
571
146
633
434
504
635
18
280
77
51
165
378
137
286
274
156
604
361
241
426
223
748
727
480
119
1
477
680
421
75
132
553
159
684
258
573
739
153
498
581
293
591
755
0
483
85
161
34
87
536
578
278
478
73
239
254
473
740
348
430
603
169
384
139
356
330
409
264
307
173
216
646
4
724
756
351
726
116
97
393
444
236
363
551
388
98
186
379
523
79
193
406
454
30
331
276
685
234
74
713
230
579
479
628
197
754
257
397
641
58
317
229
602
314
420
517
174
464
490
627
33
61
745
220
219
699
131
35
606
189
391
281
246
370
381
366
273
235
91
621
503
17
481
129
319
681
765
268
662
470
737
712
567
548
439
147
221
217
666
496
125
555
11
574
648
487
583
341
399
610
107
190
643
744
535
703
231
371
738
476
279
333
629
582
516
550
250
640
332
110
520
310
289
512
695
162
482
411
530
494
514
122
321
102
362
429
719
144
623
349
316
714
133
660
55
120
466
511
24
534
524
53
702
485
475
526
431
600
540
528
432
183
611
89
668
596
329
509
460
267
259
245
750
262
100
694
645
615
679
547
382
39
529
192
94
541
64
686
609
224
718
113
45
449
715
559
451
619
585
207
599
412
72
118
698
62
608
41
358
355
572
364
27
589
403
538
656
263
689
70
19
663
353
455
761
649
692
442
103
71
68
327
467
63
296
350
114
721
160
292
255
291
465
521
696
386
554
657
171
493
67
2
218
181
590
211
552
106
626
