632
346
229
160
250
153
97
139
278
622
58
203
512
579
628
360
427
699
411
738
332
81
288
144
117
126
503
10
735
140
724
466
331
304
565
142
191
335
303
82
688
737
159
670
334
697
207
61
275
441
581
118
678
574
683
362
435
2
345
651
614
263
347
253
438
86
172
146
284
572
73
654
658
173
238
307
190
100
114
757
183
95
494
157
236
689
745
553
206
56
273
601
112
261
355
408
164
247
741
694
742
395
352
596
537
559
226
592
526
663
337
490
583
251
449
330
677
281
363
230
313
357
109
422
602
248
584
136
390
33
492
691
521
469
465
447
647
192
43
507
57
761
531
306
32
747
11
397
92
639
698
54
267
116
372
298
358
505
609
223
110
642
8
200
269
548
715
130
451
394
67
528
359
412
290
297
570
518
479
517
181
193
709
649
217
244
555
42
158
131
377
759
224
593
216
339
113
195
723
711
656
108
600
105
40
549
270
128
311
246
39
361
529
368
671
66
106
49
563
7
148
252
374
22
467
752
604
703
496
234
320
714
513
211
554
212
170
243
423
712
589
373
456
506
228
333
141
96
168
272
680
237
471
132
660
393
726
652
525
366
98
239
493
161
653
249
151
560
186
686
204
630
739
31
94
646
317
143
24
756
283
403
327
453
87
511
70
706
645
428
607
398
245
0
717
23
662
725
594
675
612
481
766
336
286
341
573
637
424
608
539
406
52
59
684
418
102
470
443
434
44
179
30
257
765
115
417
84
376
232
383
527
78
258
221
72
276
396
733
590
294
202
135
36
700
367
657
37
648
459
21
103
617
296
174
50
348
749
322
473
661
399
277
585
266
530
463
194
201
719
597
208
482
750
477
375
704
561
402
498
667
99
324
41
514
599
150
540
472
636
254
736
74
305
178
409
731
635
692
520
65
669
328
233
414
265
668
605
707
458
145
356
623
440
404
240
538
14
524
388
138
504
381
461
401
693
627
489
488
682
385
616
580
487
205
415
444
162
133
740
392
316
222
620
302
242
425
450
640
171
107
1
732
176
437
480
523
595
578
708
432
219
380
231
220
615
38
541
576
577
80
690
167
421
104
314
501
9
77
260
309
85
634
124
598
429
446
728
4
426
26
308
543
262
227
152
111
483
75
343
256
235
751
550
47
564
476
90
575
83
12
452
545
166
484
177
364
210
674
3
625
329
319
720
515
754
633
16
241
321
35
508
701
163
350
603
591
312
557
64
685
121
665
354
119
676
746
460
89
389
716
664
370
386
611
291
71
196
468
20
672
729
300
53
187
588
758
546
442
734
344
62
218
764
497
621
582
536
318
387
420
610
51
566
613
127
149
659
29
391
180
378
533
767
69
353
91
215
448
169
287
587
618
410
558
542
650
326
101
407
264
419
499
571
274
45
68
400
17
544
295
325
431
293
727
556
710
416
586
268
730
25
338
197
289
5
673
188
255
76
63
285
696
631
365
413
457
721
154
762
34
485
88
436
568
763
445
760
213
48
718
46
567
185
280
198
638
55
282
743
15
209
666
134
382
722
495
199
641
93
175
532
165
464
643
454
626
271
123
439
384
