141
196
106
15
139
205
243
234
212
206
35
306
218
239
100
285
256
182
191
69
180
171
190
246
18
94
67
195
289
11
63
214
2
65
168
174
133
145
46
247
287
25
82
64
108
165
120
92
143
119
80
257
44
305
93
164
233
32
83
286
192
140
17
189
101
30
27
142
1
235
38
73
21
225
97
77
188
85
107
55
157
33
291
87
115
16
184
95
262
250
0
31
211
264
68
78
290
300
279
138
268
167
121
75
303
161
265
34
146
288
200
88
258
71
159
176
54
251
132
249
79
166
160
149
41
154
66
217
98
10
47
58
221
89
130
126
304
230
42
123
170
61
5
183
185
179
12
36
224
213
148
19
252
276
155
53
194
51
26
113
172
99
109
295
169
52
90
91
284
9
111
292
216
151
177
278
6
202
299
7
62
131
242
28
147
260
298
153
275
203
273
307
244
220
238
4
193
84
181
294
13
56
228
135
29
197
302
86
270
134
72
293
104
125
223
296
281
40
271
226
117
229
187
3
59
269
163
118
175
14
162
43
105
283
280
266
272
37
261
232
152
204
240
301
222
215
267
116
253
259
255
201
22
245
248
236
122
156
150
96
207
210
45
20
102
74
136
24
112
297
237
144
277
282
81
49
39
