184
159
13
276
134
127
248
257
287
303
89
239
247
284
294
131
179
224
227
242
285
28
103
20
111
139
286
79
118
199
115
43
167
229
202
108
206
130
94
289
189
283
59
38
29
230
42
54
113
252
295
211
180
282
200
219
217
141
204
132
166
92
19
149
271
209
243
249
86
145
264
12
84
304
291
191
74
258
128
129
9
16
55
234
194
17
102
112
4
300
181
238
96
10
136
98
150
240
37
110
107
47
23
218
222
210
61
292
77
48
275
80
297
198
0
270
104
34
151
2
274
296
88
254
164
228
52
137
232
15
133
152
83
143
65
172
288
22
25
293
68
122
14
1
90
82
26
33
273
225
214
235
62
176
263
21
173
187
208
6
69
178
138
281
207
144
170
70
91
117
190
279
5
193
114
301
280
157
212
56
123
66
201
237
253
244
215
267
105
78
36
203
269
147
126
226
146
73
265
188
299
213
266
40
261
182
246
169
268
116
195
85
168
306
7
3
231
41
223
24
158
58
233
251
93
154
95
171
64
99
163
205
302
186
135
124
11
161
27
155
272
259
216
30
255
256
174
60
262
197
156
241
101
125
183
35
100
196
72
8
148
221
50
51
165
76
298
87
160
57
120
81
32
75
106
18
31
