274
262
216
258
38
114
58
206
90
128
218
11
103
156
168
257
64
48
293
44
172
202
253
74
96
256
164
221
235
151
232
204
263
66
57
303
163
141
242
187
83
290
158
46
137
249
85
21
136
51
175
272
97
261
33
277
223
254
224
241
264
22
70
130
61
300
246
56
237
104
165
124
53
92
45
209
306
281
193
243
207
29
307
12
9
173
146
269
84
110
68
192
3
225
30
106
174
117
87
2
212
127
71
226
31
280
147
273
270
120
52
0
95
109
205
238
65
190
155
170
88
19
191
140
24
169
134
215
252
62
125
288
82
98
72
178
121
211
126
102
299
76
278
298
42
93
185
50
179
267
161
86
304
284
183
39
248
13
203
227
233
119
15
228
184
208
8
10
195
108
115
25
32
259
145
245
5
260
197
296
77
231
63
219
159
251
294
292
54
80
279
157
182
210
239
181
116
144
198
199
265
305
18
14
222
196
129
244
138
26
217
60
153
89
49
229
247
105
250
99
160
123
28
200
139
47
201
6
67
43
1
271
131
162
154
55
214
40
289
142
143
112
188
275
91
189
295
118
135
79
23
285
287
180
301
255
41
268
177
37
176
194
73
16
297
34
186
113
133
75
283
220
230
236
148
240
152
