114
179
160
79
103
271
100
236
285
282
107
102
28
279
86
133
262
261
155
116
68
299
144
27
174
305
117
185
199
15
297
278
4
140
101
40
272
111
208
268
0
5
106
98
121
80
56
212
280
191
119
158
258
217
47
130
198
269
105
19
50
275
145
274
89
159
76
187
2
206
273
77
165
87
172
60
307
176
215
48
112
237
222
194
17
110
84
182
44
99
18
33
245
57
95
20
127
22
256
293
225
14
216
284
151
252
240
166
186
298
302
96
64
253
287
132
13
178
38
161
276
294
219
62
221
304
156
204
249
52
200
49
16
41
168
141
281
139
53
137
6
259
152
24
128
120
123
83
266
167
267
264
31
242
134
270
211
190
193
135
246
9
124
154
143
213
238
260
136
93
196
72
247
153
10
65
142
126
170
23
300
250
244
78
70
263
138
63
66
61
207
59
265
36
113
209
254
71
25
11
210
67
147
109
1
180
149
164
81
292
175
306
92
148
227
73
177
171
291
286
55
277
162
91
82
257
220
26
39
150
283
12
115
131
32
75
94
7
251
163
290
239
173
30
97
289
46
8
231
303
29
234
248
233
129
205
90
181
104
108
45
223
58
51
241
157
288
35
122
85
202
192
232
201
229
69
189
