291
154
266
254
84
264
31
122
232
101
10
246
156
163
213
221
41
229
36
70
150
206
290
71
155
298
116
20
78
77
273
237
82
199
172
99
46
175
276
152
194
210
227
27
35
223
61
43
69
2
34
92
201
119
250
279
124
301
14
3
68
161
218
182
303
230
265
100
60
222
302
293
134
144
284
90
107
49
149
138
243
306
79
125
267
29
95
38
226
184
6
187
283
72
135
21
203
157
209
7
120
251
242
261
167
88
56
240
169
236
5
11
160
63
234
102
137
217
181
185
0
22
143
133
148
307
239
110
130
48
173
52
54
176
58
65
159
64
17
295
51
67
183
177
89
208
277
188
304
249
118
93
171
197
297
241
179
121
105
219
74
19
287
142
255
168
275
166
28
281
162
252
4
296
164
289
39
24
263
294
1
286
117
245
146
214
300
140
98
200
225
32
305
42
9
198
292
85
248
126
136
75
104
190
285
196
53
55
112
76
224
109
233
235
45
211
151
131
258
260
195
288
231
215
57
18
13
50
259
73
244
103
158
47
30
123
127
170
128
280
94
228
180
59
139
106
282
40
114
91
247
132
220
37
111
97
153
129
25
15
274
256
191
178
193
8
145
186
81
270
83
66
299
23
44
278
86
192
