23
169
160
38
302
118
301
153
193
69
94
7
67
142
290
47
255
144
198
64
10
112
209
242
41
75
5
111
6
226
115
116
32
18
149
65
296
27
278
130
105
141
124
262
294
165
289
218
201
122
57
222
128
233
192
102
265
155
55
59
260
60
73
3
235
33
86
171
231
84
245
214
185
266
74
199
46
104
140
170
161
298
11
34
68
129
188
263
208
206
258
103
234
204
138
35
189
220
174
254
24
279
229
272
213
53
167
270
252
126
244
89
17
178
107
36
16
95
63
261
256
271
48
207
4
202
9
210
293
305
243
247
238
281
49
230
186
219
211
96
150
127
76
13
72
62
250
110
45
163
88
287
136
91
248
143
97
135
173
183
304
80
113
152
274
99
120
253
282
216
239
145
203
168
40
172
71
205
8
273
284
44
297
42
195
228
70
197
200
217
2
37
236
215
121
78
158
31
123
251
61
117
147
93
267
15
109
179
92
21
182
12
240
162
28
249
307
225
177
39
132
157
194
101
30
180
277
246
90
54
268
257
25
224
300
227
137
119
114
196
146
51
159
100
241
85
286
81
175
292
148
108
134
276
56
190
82
291
26
212
191
131
166
295
52
77
50
19
125
299
20
87
269
187
184
43
221
