265
81
82
101
37
79
105
12
96
83
71
0
282
22
270
165
43
104
186
148
112
102
166
127
275
285
111
247
122
107
181
159
35
130
226
236
212
189
300
138
153
172
202
219
302
6
1
246
97
301
277
73
299
49
176
54
77
34
177
229
290
85
5
163
4
230
216
109
263
257
40
242
206
135
147
286
239
31
150
271
94
46
264
220
133
269
74
50
103
58
260
278
268
44
76
27
188
121
66
70
123
30
118
305
291
253
192
90
198
36
137
18
11
151
13
144
87
139
210
115
289
293
175
7
3
218
213
93
119
10
180
52
2
41
125
283
296
183
195
128
194
267
48
238
78
131
254
67
225
292
38
100
276
204
149
178
146
91
92
244
161
64
24
160
68
205
255
252
157
256
20
80
223
207
69
295
284
162
262
287
63
140
59
47
231
106
152
117
208
164
60
142
86
250
232
304
243
45
266
261
8
110
21
245
167
280
108
169
171
51
95
72
197
26
57
228
33
84
224
274
237
240
154
75
14
113
185
134
141
29
227
126
303
201
222
235
209
62
16
132
158
298
174
191
241
184
42
248
203
234
9
173
88
39
199
155
98
124
214
179
272
259
15
129
114
25
23
306
156
307
193
258
53
17
233
170
288
