57
23
83
66
112
159
3
144
275
296
51
131
129
69
253
204
54
274
156
84
273
52
123
15
165
4
297
74
116
188
301
127
203
18
31
181
77
268
134
152
266
184
254
264
113
22
157
303
65
172
109
42
106
194
121
307
186
258
213
67
270
39
94
249
251
130
140
107
171
200
29
245
6
247
208
278
260
202
34
92
214
212
248
276
237
255
141
294
302
32
49
230
193
287
198
292
201
199
257
259
59
205
211
33
124
148
63
133
98
16
24
217
118
89
280
111
20
191
115
137
269
125
223
104
114
46
192
27
108
250
263
26
93
151
185
218
234
291
229
279
271
99
143
153
283
55
147
224
88
209
228
196
73
81
48
44
170
128
62
149
71
243
261
101
300
262
239
238
120
232
70
36
281
167
154
5
35
162
284
78
0
282
304
155
85
145
146
40
305
12
272
37
100
158
87
267
190
139
187
286
219
166
195
161
177
61
119
206
221
288
306
19
1
226
163
8
175
241
14
173
79
233
96
290
295
197
76
53
17
220
179
28
189
58
7
168
41
150
174
103
47
50
169
236
21
126
110
56
215
68
265
227
80
176
289
136
60
182
43
216
231
45
91
183
285
122
235
132
207
178
95
164
252
277
97
142
64
