176
140
50
120
294
253
149
136
71
196
34
178
61
88
239
250
52
59
256
286
84
230
242
89
153
307
254
108
274
7
181
51
99
183
4
40
192
29
17
257
276
267
26
8
142
25
288
279
127
100
139
198
58
262
273
152
1
270
251
222
33
13
78
137
14
291
214
97
167
296
69
238
199
11
277
134
146
128
269
223
177
285
46
246
266
124
65
220
68
126
2
227
117
194
299
102
115
231
118
5
53
244
16
147
188
90
182
180
232
302
217
233
290
293
114
195
255
76
264
159
150
22
44
49
37
174
20
54
121
175
221
187
116
283
57
236
123
67
38
281
245
156
132
96
240
260
45
101
268
55
21
35
237
173
160
295
60
200
171
111
191
42
107
93
169
275
259
211
30
28
81
162
280
133
207
210
151
216
208
75
272
94
226
122
197
219
247
12
23
190
105
19
205
215
0
9
170
243
80
271
98
298
91
282
189
206
235
213
158
32
70
212
185
161
87
184
27
79
103
224
263
218
106
66
119
168
86
72
203
306
82
143
10
301
225
74
39
157
112
202
305
234
164
155
209
110
138
36
248
249
300
135
3
83
145
129
43
303
56
204
165
130
154
166
172
48
109
63
141
297
278
241
62
125
228
186
113
287
