54
100
171
253
229
280
173
236
278
99
74
221
104
70
122
9
88
281
286
26
53
179
14
31
275
105
277
33
121
96
167
22
124
178
237
32
94
307
192
245
296
249
211
174
59
208
222
128
109
116
298
139
163
110
72
217
299
138
92
38
189
50
58
73
85
117
250
180
8
256
274
276
151
238
69
166
55
302
36
205
129
97
252
240
120
293
82
19
306
305
268
137
294
227
197
81
30
28
75
216
12
186
143
1
224
125
182
44
260
223
16
204
288
301
150
209
35
83
210
67
241
230
18
79
66
297
243
141
98
246
23
133
200
187
214
181
90
220
207
17
56
262
196
289
269
164
87
65
282
169
148
218
228
258
263
61
213
102
199
77
244
76
48
64
11
272
198
127
158
43
149
283
135
144
168
132
6
29
146
290
183
39
212
254
140
271
57
242
251
106
142
193
86
292
49
0
3
10
118
34
156
231
113
2
295
63
4
203
101
119
115
78
195
165
62
71
111
225
235
176
24
177
45
21
284
89
162
80
60
95
136
201
37
103
25
27
215
291
265
303
108
232
304
257
20
47
259
188
202
185
175
42
7
279
261
15
154
160
131
46
285
107
13
264
153
234
273
219
266
41
147
255
184
190
145
226
114
