639
198
782
919
997
30
593
370
88
382
321
904
361
404
675
571
189
623
855
780
979
721
449
1023
934
801
93
496
185
740
939
805
796
1000
308
518
591
722
252
6
521
359
839
760
302
846
750
660
246
533
599
490
1019
100
706
613
336
601
221
275
1001
936
238
422
773
831
131
482
889
86
612
191
243
699
406
719
501
172
11
7
828
800
548
444
738
416
103
247
882
395
39
633
743
210
236
884
455
392
525
401
287
147
142
820
976
137
854
688
219
196
530
654
125
1
938
869
765
798
933
554
462
222
289
505
41
725
407
534
79
659
791
21
570
248
52
673
215
651
33
624
474
787
603
341
922
445
123
850
581
836
697
386
712
742
1026
541
164
46
795
160
83
60
830
241
412
572
82
917
149
532
508
878
1021
887
888
940
952
318
245
1006
638
999
303
224
746
344
524
762
220
84
655
129
921
20
885
954
783
679
713
559
531
345
211
91
29
992
432
916
994
92
647
1018
1012
274
640
99
827
76
163
136
461
470
896
242
834
430
692
40
580
378
646
296
947
339
64
331
74
898
881
166
776
226
756
736
446
95
803
840
117
442
890
362
497
144
873
489
564
875
950
300
447
151
249
38
899
181
656
357
662
757
622
13
358
689
886
491
396
993
516
871
549
942
980
923
752
928
154
87
652
170
977
749
295
389
114
843
741
272
183
342
894
717
57
306
62
847
931
119
255
201
897
626
347
197
133
674
145
540
418
629
184
132
85
852
322
346
124
523
277
441
25
352
1025
457
312
851
127
986
535
701
618
115
978
709
946
276
388
58
383
171
672
96
866
990
945
1029
414
526
630
152
218
767
282
116
835
140
105
424
539
949
28
833
893
309
926
747
1028
575
138
716
598
101
860
293
815
1004
528
437
582
121
294
858
970
620
604
1022
821
874
500
438
849
468
515
262
209
845
47
375
676
1011
419
553
42
794
440
244
892
335
723
829
110
207
853
120
632
822
555
134
781
597
130
156
146
838
204
250
399
284
319
365
72
314
739
698
351
714
150
292
965
186
475
657
914
561
330
71
799
463
290
10
506
338
153
379
261
235
769
666
718
707
987
645
488
817
908
784
454
176
770
199
915
1003
192
682
348
112
231
842
809
128
648
372
240
333
360
711
786
768
708
80
973
737
691
283
384
49
16
279
258
748
744
473
68
22
427
587
380
774
451
806
200
425
614
596
981
959
841
957
953
56
848
810
503
34
670
452
552
824
368
605
537
857
664
948
448
772
507
687
856
870
405
402
301
3
924
4
901
122
212
545
77
905
233
202
635
317
65
1009
792
329
369
991
126
106
1027
944
909
307
677
464
175
143
964
602
234
439
1017
764
811
943
397
937
288
97
694
703
544
627
771
323
969
520
778
417
807
481
797
588
695
547
453
577
637
567
606
891
374
619
818
17
270
326
364
311
665
217
428
557
15
188
450
165
206
257
409
913
929
912
777
260
658
966
14
538
592
859
863
340
879
951
367
732
9
963
94
636
671
600
844
27
1007
45
291
568
802
578
995
24
411
320
560
961
190
148
398
78
702
755
589
297
546
230
726
89
349
413
608
650
967
456
431
310
267
511
543
435
569
256
12
527
804
281
696
504
8
819
98
865
733
493
910
44
273
139
734
141
775
983
514
259
304
617
745
562
960
161
158
579
509
941
63
498
182
67
958
18
337
565
467
754
644
935
793
513
628
278
631
423
663
195
766
391
684
315
968
32
327
485
355
223
758
26
529
23
54
135
265
169
715
173
956
611
616
316
876
989
720
104
477
460
433
499
730
476
280
814
832
459
108
343
478
779
436
1010
285
962
751
334
788
237
634
984
761
61
586
551
690
159
194
43
789
641
861
681
59
930
907
213
421
576
434
390
75
268
208
381
920
286
109
69
728
494
594
471
350
823
73
354
988
590
903
229
900
263
53
1002
299
872
479
385
812
982
790
31
974
253
667
232
377
880
825
458
266
669
465
113
179
403
251
254
902
483
816
387
66
895
574
70
356
785
313
107
595
615
542
972
731
583
727
759
932
621
394
19
998
466
353
486
877
50
519
225
366
918
408
686
2
680
102
510
609
566
426
155
363
1013
1024
906
1014
157
228
826
187
502
177
867
705
