478
155
8
989
101
403
68
35
811
89
1012
633
6
694
789
175
346
871
108
406
512
1024
398
557
365
411
407
429
246
448
880
453
800
898
750
552
94
1008
790
288
474
929
177
818
430
675
254
586
457
118
42
577
110
166
476
323
510
17
183
1011
15
370
252
739
191
698
737
623
139
992
831
62
837
801
538
1023
952
895
945
9
1025
711
734
972
491
574
707
41
669
255
227
1015
900
410
240
283
751
747
519
904
798
835
230
226
319
681
883
128
1017
439
864
710
351
725
910
12
151
547
993
50
511
497
925
661
885
662
876
154
378
119
344
591
940
642
200
859
158
808
428
25
315
451
152
335
43
216
1007
239
354
204
142
259
157
245
432
744
592
977
285
865
951
308
467
723
919
564
921
729
29
893
841
87
567
364
287
685
508
879
362
926
822
329
382
967
256
998
962
231
823
53
271
394
854
767
490
357
740
939
1
135
440
786
590
261
307
624
529
368
266
988
1013
982
812
148
844
56
1006
632
973
645
353
936
836
482
334
163
665
761
979
969
102
560
360
915
609
470
301
780
868
90
436
475
718
443
207
480
47
18
646
268
626
76
726
696
30
409
660
635
188
956
608
339
653
949
262
286
373
104
309
774
659
826
199
160
421
63
176
194
120
637
647
902
45
105
37
132
282
616
140
873
115
1010
257
359
107
66
648
83
905
507
376
22
932
385
562
677
294
556
195
687
682
928
311
95
881
700
994
284
330
769
14
404
555
882
528
735
602
326
434
917
233
3
961
322
815
517
724
974
196
237
852
520
828
39
514
484
463
872
414
534
806
513
861
167
456
424
678
600
423
435
652
960
536
412
205
33
840
355
701
627
934
618
532
797
975
317
49
36
379
704
965
209
65
537
522
595
912
964
462
112
924
526
604
785
331
708
690
116
990
958
250
1029
862
485
816
213
573
276
796
559
336
605
987
201
220
692
117
509
377
366
1028
400
306
1018
348
234
77
7
673
383
802
401
472
51
384
130
684
396
778
667
289
386
402
274
539
243
70
599
5
447
425
275
757
628
874
181
1020
332
361
172
185
899
542
224
73
473
614
984
631
809
986
345
500
746
578
483
477
136
129
970
666
481
762
766
21
664
544
328
141
820
587
839
944
280
603
772
86
742
804
111
247
393
358
499
408
863
79
273
28
48
422
615
722
758
417
913
954
78
799
807
44
745
712
165
996
91
464
171
531
728
444
703
338
569
466
715
390
923
137
619
731
803
4
792
427
674
347
843
546
563
391
170
848
695
458
260
741
356
658
935
585
418
253
133
82
138
717
527
1021
298
302
502
558
686
318
468
869
178
263
124
781
71
858
343
980
721
566
763
995
506
291
596
504
805
238
40
621
369
121
702
582
948
374
583
657
620
668
387
946
770
197
156
26
149
445
479
584
162
159
890
755
292
776
937
206
19
190
371
916
875
959
269
760
38
601
81
168
278
265
607
58
565
788
654
634
889
829
277
524
810
281
845
950
487
824
783
122
857
732
888
279
147
131
399
241
610
179
100
498
211
203
1014
1001
59
16
228
258
693
922
88
830
570
892
887
891
0
223
978
968
218
72
303
214
943
683
568
375
706
719
437
219
594
850
217
606
572
775
93
550
32
441
123
153
314
533
866
580
918
242
24
264
938
827
516
1005
126
842
84
643
208
853
433
764
321
1016
795
754
720
612
521
676
579
97
908
901
543
420
541
184
31
680
381
20
855
553
67
267
981
679
229
748
64
316
146
495
636
1019
813
909
927
144
493
501
593
860
832
561
325
350
98
392
305
971
933
449
80
966
749
999
248
295
630
554
415
856
405
639
697
689
2
494
672
23
174
622
221
46
419
759
312
597
134
34
613
169
397
202
299
756
192
372
85
459
127
791
963
492
903
215
777
1026
911
894
450
57
431
953
193
210
413
426
957
180
833
782
125
656
173
297
955
920
896
649
103
611
991
55
324
985
337
341
1003
846
545
300
753
629
877
743
571
640
503
92
113
293
416
304
1022
10
851
54
765
641
886
787
465
825
650
768
771
489
814
870
442
738
699
914
705
469
655
189
752
222
515
733
838
625
651
363
1009
540
367
907
819
150
617
438
74
947
313
518
897
549
530
452
60
460
