419
943
480
801
376
463
100
634
599
664
219
494
1002
550
703
779
915
21
175
197
613
744
411
841
850
775
25
420
239
357
1024
431
428
975
849
363
469
745
565
588
388
561
710
291
754
528
691
802
202
772
355
769
417
833
205
564
869
436
648
979
935
671
539
361
771
652
472
574
620
284
1007
918
131
803
987
98
718
894
214
997
625
1013
283
272
708
402
804
739
989
93
141
505
113
861
126
791
848
152
683
282
207
799
556
937
546
112
700
617
186
136
874
860
255
659
375
379
557
931
741
680
992
509
210
149
383
127
178
346
124
216
304
531
627
397
286
764
810
416
334
968
87
123
370
271
656
212
603
837
244
973
932
577
164
618
259
483
76
785
738
899
325
465
890
9
735
843
724
673
535
188
622
838
762
999
390
713
183
532
759
387
2
50
266
446
835
393
315
492
623
783
889
392
172
440
548
571
170
130
498
495
260
715
525
391
938
1027
430
880
102
154
884
340
942
632
324
770
75
610
568
1006
526
722
34
464
798
545
593
672
818
972
332
644
730
61
160
447
651
293
1016
265
190
687
709
101
586
37
590
767
441
842
179
907
198
404
64
793
17
782
747
562
103
690
983
886
977
510
1017
919
41
559
328
238
912
583
952
946
257
89
515
336
496
222
311
584
313
114
168
847
814
602
233
530
654
111
371
984
262
736
65
1003
36
173
533
965
312
398
685
740
8
163
12
200
891
251
678
69
258
96
88
567
781
298
688
923
104
817
153
245
778
506
1019
800
796
693
117
677
948
1022
389
181
578
344
784
444
82
242
789
92
543
72
636
728
256
203
949
692
521
318
750
616
264
384
81
427
217
18
275
296
1020
538
60
552
380
933
177
91
551
243
717
883
642
261
830
208
151
147
902
726
38
844
862
180
105
981
132
118
58
196
885
424
808
829
235
443
354
518
913
576
665
1018
476
633
1023
377
143
221
327
356
270
964
399
657
232
729
269
629
881
115
422
421
23
277
980
927
32
768
46
967
439
888
871
486
83
777
229
423
94
367
732
246
193
776
274
71
836
765
485
329
976
497
534
157
13
43
199
459
415
536
573
406
225
194
1012
686
569
681
1021
941
819
580
549
839
921
1011
1000
597
828
248
478
870
763
254
120
19
171
554
929
516
1001
158
523
322
211
875
454
0
63
227
347
477
341
55
595
352
413
252
553
253
27
944
507
753
438
542
911
467
755
773
490
471
689
475
162
758
666
426
589
456
129
794
6
760
418
85
1014
723
637
90
653
834
28
268
409
502
39
872
647
994
916
857
682
139
662
853
201
879
587
323
35
774
308
579
3
80
962
831
481
449
743
460
48
978
224
940
489
57
412
864
996
522
310
488
963
99
309
572
555
319
868
939
797
961
619
832
146
663
10
865
660
359
135
373
924
955
917
694
348
435
287
592
473
707
960
29
26
74
31
470
226
137
504
353
276
821
394
1029
873
482
452
934
541
596
615
249
362
563
317
809
299
281
877
5
407
537
609
957
209
851
500
826
405
591
374
1
511
668
558
866
116
285
945
501
445
892
905
669
121
128
365
455
487
982
62
670
922
575
742
667
167
628
930
908
51
300
176
643
241
727
1015
811
845
719
786
508
529
903
624
679
581
607
985
144
721
292
47
925
816
366
174
540
408
635
474
73
67
195
33
280
295
585
499
302
448
914
641
856
876
638
42
988
360
974
560
364
320
840
520
645
279
236
305
594
959
600
716
954
15
342
734
969
493
696
70
429
468
855
321
517
639
434
140
290
125
702
386
350
990
780
97
953
897
240
437
338
382
433
813
450
40
792
998
854
297
231
110
1005
349
805
385
612
655
77
882
84
343
704
191
749
697
658
150
267
766
928
368
661
461
859
14
395
345
566
108
484
878
52
649
895
59
544
757
237
466
720
752
676
161
220
142
288
306
852
184
109
926
898
1004
514
182
314
971
414
458
86
107
95
970
294
335
401
56
400
45
54
263
1008
337
858
462
986
582
825
250
44
867
425
187
410
640
731
605
206
626
547
372
122
893
330
909
230
106
331
947
906
787
675
11
7
951
815
714
138
684
148
705
1028
49
751
887
630
326
381
712
991
30
956
223
333
185
24
795
611
145
598
699
512
756
