815
514
647
30
828
1005
91
493
398
778
2
1008
308
854
20
1021
297
672
491
373
751
502
589
902
41
273
286
874
281
731
133
882
966
637
645
618
894
521
867
974
81
300
256
429
534
935
517
555
413
890
885
727
40
720
143
63
443
209
170
671
279
847
324
704
873
75
703
85
648
288
323
499
1017
708
938
607
613
84
272
301
979
917
900
531
796
238
744
341
949
249
255
435
848
1010
951
23
1011
375
989
62
26
581
877
465
852
571
344
325
86
99
652
822
1
221
742
892
173
764
838
653
246
520
878
663
600
773
525
417
383
964
500
1019
39
973
790
311
793
806
428
839
187
1014
850
68
387
242
593
709
240
615
335
328
218
114
107
1026
901
963
292
352
954
903
530
765
186
596
733
606
1000
950
608
154
243
1004
200
216
134
631
326
339
233
812
524
401
396
794
961
670
619
122
726
1025
447
16
789
193
112
458
152
651
896
163
78
166
895
496
716
109
617
905
712
972
450
572
469
718
526
94
266
856
585
948
372
303
65
552
485
393
482
125
244
432
962
931
685
756
710
171
862
781
381
463
205
399
519
46
168
566
740
415
944
981
167
96
759
289
285
251
819
234
706
195
223
722
713
597
128
1015
214
743
633
306
66
418
495
340
937
913
599
13
140
528
735
423
567
539
674
287
958
766
827
872
784
936
3
1020
575
914
601
474
161
851
909
370
753
711
79
986
737
357
771
541
805
489
451
683
769
889
490
427
897
876
1013
97
811
437
563
459
550
553
587
12
11
146
898
626
28
284
943
1009
119
649
270
210
792
461
446
791
624
184
431
840
667
145
603
654
715
190
155
336
348
259
265
295
866
380
45
699
824
527
17
305
467
185
926
470
368
687
975
254
135
142
582
6
997
334
144
911
150
27
386
356
518
881
701
477
622
762
351
692
320
610
546
810
738
269
14
410
271
678
813
620
669
1028
442
345
384
158
682
561
684
407
22
884
758
636
849
786
378
641
814
110
180
118
304
241
1012
730
194
532
543
736
406
650
1027
928
296
681
598
842
70
353
700
970
21
865
424
690
69
507
976
785
910
113
868
570
388
253
515
853
843
258
315
365
359
162
558
488
192
921
404
616
732
891
971
355
930
968
929
564
767
203
456
108
998
136
80
508
675
364
638
498
106
863
317
207
165
471
408
612
782
844
10
31
377
925
691
374
668
503
556
480
808
604
536
89
864
985
147
34
174
191
314
666
74
823
137
367
725
627
747
92
77
156
379
224
71
225
445
391
1003
15
860
661
978
833
101
198
98
916
583
846
830
522
551
5
104
787
821
1024
920
222
264
212
42
942
164
1007
696
460
707
510
952
448
594
120
215
955
1029
188
999
714
18
686
549
788
169
660
151
434
779
473
228
276
939
573
90
588
202
347
278
923
953
559
116
121
875
632
229
818
294
392
579
809
441
511
449
83
506
965
611
888
538
977
1016
176
807
131
95
9
412
478
454
483
800
453
584
748
595
283
8
662
991
763
780
239
734
213
834
906
53
605
369
177
390
124
310
803
274
293
799
871
560
358
247
227
35
267
438
0
761
175
159
772
29
51
516
33
760
36
702
586
87
728
933
990
592
385
798
568
512
149
565
656
230
987
64
318
995
389
100
290
333
219
578
102
157
148
322
466
366
395
299
277
945
479
402
141
178
688
614
337
302
139
746
820
1022
509
298
904
698
231
557
676
908
887
105
50
82
60
804
132
869
117
245
52
350
577
1001
591
941
199
420
127
548
189
994
640
130
362
4
770
996
462
859
569
545
745
196
562
55
879
397
457
472
817
232
332
880
24
750
505
220
354
883
542
481
44
513
752
346
338
984
625
319
628
899
757
915
403
695
61
1018
574
439
724
673
484
643
646
983
73
56
831
523
426
405
855
857
826
421
312
138
554
664
969
623
38
602
153
719
680
172
263
72
236
197
535
309
947
768
416
918
48
111
331
993
492
321
658
182
924
37
1002
422
659
252
250
201
655
644
629
400
775
797
609
425
634
430
635
497
486
43
630
183
621
988
487
329
49
217
932
204
861
837
717
801
494
237
342
927
394
307
533
206
371
783
376
829
316
262
693
907
409
349
723
57
327
576
58
642
235
729
419
455
886
537
