847
167
261
615
860
129
134
844
131
697
709
269
743
544
205
561
869
23
403
185
571
658
130
710
814
388
946
530
361
386
125
973
630
188
195
600
737
969
18
430
759
304
100
541
1018
207
429
241
366
877
398
480
250
593
728
142
531
720
271
83
675
585
364
666
476
519
149
341
198
623
1012
517
774
649
800
555
444
804
695
716
363
791
174
559
186
957
735
199
933
572
699
682
247
390
738
161
741
438
653
259
11
540
213
340
124
665
704
1023
1000
967
327
846
22
733
405
706
88
979
1013
673
53
621
678
622
424
358
1028
411
644
265
345
417
780
332
374
861
38
518
657
707
201
72
314
1019
317
867
775
586
319
785
507
268
179
937
0
138
404
680
581
234
1001
822
768
753
12
152
97
747
464
558
577
117
818
433
749
253
440
290
32
1015
118
884
240
646
941
172
381
132
980
534
48
959
472
315
875
694
839
431
1027
911
16
394
84
98
717
903
840
184
248
873
829
778
291
923
14
300
214
139
744
983
760
532
412
932
660
289
71
611
484
627
1020
764
500
370
458
574
466
852
938
508
461
227
435
266
283
971
104
601
935
492
702
318
393
841
310
215
890
308
874
221
964
563
832
914
451
55
949
1025
1006
503
637
736
777
348
222
145
618
523
478
620
56
203
998
284
482
230
997
945
512
588
66
196
871
520
596
272
843
343
725
189
232
333
808
700
553
329
40
690
82
831
996
477
617
854
487
29
228
369
931
812
204
905
865
493
730
111
956
301
316
235
703
567
904
114
810
942
943
305
238
642
977
409
916
872
44
742
731
26
177
679
103
337
208
901
560
568
826
765
39
993
79
495
858
135
802
359
819
889
54
796
656
910
1004
638
876
148
502
99
506
583
401
481
1008
770
597
1009
882
367
569
233
721
589
59
311
562
113
392
896
536
112
57
52
178
155
471
513
410
294
194
324
326
533
264
535
542
999
36
483
509
827
280
87
190
491
862
499
350
105
368
729
416
396
761
470
389
674
757
766
346
206
465
647
633
320
629
634
528
783
885
809
687
537
25
805
662
452
1007
823
948
857
576
624
958
713
1011
625
365
459
779
486
859
251
303
776
526
1014
391
47
579
881
552
928
371
975
769
395
439
372
504
698
883
995
952
274
127
920
49
17
955
354
426
237
425
5
718
20
50
352
80
31
63
963
64
164
606
838
727
330
566
245
108
322
1010
273
33
815
550
908
754
924
688
991
153
260
137
705
786
376
972
578
1024
67
936
75
239
8
37
28
116
648
360
223
344
210
468
436
282
9
170
158
115
81
123
262
1005
714
961
863
605
1029
43
1022
422
641
806
670
654
331
2
95
351
406
60
892
380
635
888
27
965
655
473
950
849
24
608
677
490
183
746
397
676
554
400
407
692
501
192
94
77
632
456
141
126
74
636
828
966
817
479
505
496
894
879
927
626
756
449
739
463
292
418
549
723
76
807
423
820
609
922
610
934
65
992
353
981
7
570
61
68
165
898
243
907
740
671
599
383
681
989
868
978
929
193
691
242
835
864
252
787
516
836
448
168
669
790
375
377
15
21
187
34
275
450
212
522
798
870
467
587
415
128
724
953
51
794
191
853
784
575
748
457
218
614
855
781
181
921
701
216
159
837
834
255
225
925
281
446
296
573
229
686
13
824
825
278
219
851
69
182
693
257
1017
515
349
557
286
378
524
878
788
595
719
816
338
685
712
590
556
420
683
122
689
813
912
607
795
143
845
373
926
525
175
78
659
763
1
960
726
157
985
915
900
453
217
321
582
529
46
580
652
631
92
89
313
224
460
771
136
485
474
488
811
793
643
246
940
58
106
276
211
1016
382
93
962
1002
323
200
602
551
4
462
944
619
833
442
475
891
90
267
663
307
302
651
220
328
42
342
432
297
133
604
696
755
982
919
667
543
797
664
497
708
661
379
454
548
893
428
306
930
469
598
514
263
789
527
236
258
173
773
897
970
19
976
35
6
639
166
226
732
591
414
362
355
672
96
437
734
298
711
101
565
668
986
628
584
848
180
347
640
650
109
521
821
538
547
325
510
249
270
443
939
169
334
951
494
140
511
722
906
156
285
244
336
339
162
1026
803
801
455
119
160
947
792
287
887
750
146
