814
103
759
40
704
278
642
229
497
567
443
383
516
877
820
823
481
476
528
263
685
279
791
340
414
921
108
405
304
324
556
174
241
331
862
114
382
89
196
55
718
686
183
1015
182
185
739
250
132
978
409
247
1016
668
188
970
671
126
159
569
150
577
454
47
700
251
2
768
480
562
16
997
634
794
233
416
905
149
790
423
852
342
372
517
973
194
932
496
440
219
97
139
761
99
475
536
272
607
195
539
907
965
833
96
545
35
146
653
954
447
375
102
31
813
767
50
888
713
711
307
275
171
1008
795
165
65
662
728
643
563
847
490
593
756
225
210
586
453
616
854
262
421
825
415
313
503
106
0
870
448
827
109
203
255
601
88
386
280
935
736
641
439
357
597
335
703
531
968
864
1018
610
749
41
160
608
362
832
486
853
627
455
724
552
90
726
396
899
63
190
851
683
701
3
224
78
821
77
1000
524
420
302
105
365
152
12
998
147
48
153
628
457
625
730
116
494
245
322
289
621
169
277
991
410
321
757
93
694
871
70
246
1022
204
260
288
754
487
846
714
441
360
776
42
553
955
618
297
269
483
110
733
824
558
319
470
647
479
930
589
430
590
623
252
353
27
950
94
498
101
435
7
523
796
963
142
929
526
587
495
1010
4
815
215
154
505
937
722
738
1003
75
343
600
434
258
406
855
645
849
206
896
155
986
774
9
667
976
239
908
11
333
1006
242
912
808
630
693
933
967
192
546
283
863
866
639
235
305
22
433
326
672
451
371
620
646
186
632
982
175
543
892
338
172
45
276
266
501
872
68
161
902
622
576
946
432
1021
468
964
164
984
674
10
566
706
352
341
1026
884
82
499
1029
69
127
231
958
673
472
514
682
120
176
148
702
699
257
809
1009
830
57
999
752
168
240
46
947
840
111
221
953
449
887
869
941
695
463
327
351
939
237
720
71
14
826
59
565
477
889
721
232
58
540
287
315
248
462
773
64
559
329
193
358
751
19
879
803
732
274
689
789
79
402
715
842
818
578
783
745
1007
129
380
384
1027
38
309
915
588
226
786
292
894
30
332
364
72
533
184
234
656
977
509
638
311
788
339
574
972
285
34
993
710
802
782
839
841
87
537
1019
829
626
898
244
551
959
923
180
725
637
267
606
427
53
764
158
177
538
444
181
318
489
810
926
698
812
325
856
897
20
731
270
901
107
572
579
779
370
583
328
865
659
26
709
222
347
527
535
680
350
661
848
605
296
456
376
529
918
378
49
985
705
834
568
361
37
584
436
151
131
806
359
614
669
21
1011
688
100
857
522
858
859
429
1023
800
867
24
763
197
595
873
903
95
377
212
654
290
98
273
1025
801
940
649
56
389
784
156
399
227
330
844
981
213
392
837
425
345
1005
945
117
1020
488
519
555
137
464
919
910
585
33
393
66
996
772
141
904
602
564
259
743
816
484
323
961
310
426
492
92
914
697
850
797
254
504
1002
895
909
975
793
755
301
61
690
271
336
199
913
300
931
580
687
971
446
960
987
344
379
510
684
592
187
613
191
573
890
925
282
115
974
886
995
949
677
500
54
413
412
883
387
62
911
391
893
208
76
650
374
236
876
52
291
624
400
678
670
36
582
676
799
934
611
337
944
144
520
617
163
81
73
598
408
298
369
943
512
518
306
354
303
25
397
787
758
900
293
716
189
741
906
513
633
128
805
652
525
209
452
207
748
570
438
948
657
491
201
478
136
198
223
980
356
256
928
990
735
544
228
471
367
428
138
881
922
125
635
550
719
442
665
469
828
216
619
609
268
388
214
5
407
385
314
261
179
373
15
771
956
742
431
938
819
874
737
113
8
994
143
506
220
264
575
663
603
777
317
445
299
557
363
211
134
395
691
83
554
917
123
817
205
450
249
988
770
265
836
612
173
780
334
644
320
461
762
437
398
23
822
548
218
166
729
957
80
91
316
74
217
561
845
230
133
723
547
162
482
104
286
312
594
17
1014
86
419
403
750
629
615
875
591
835
32
942
878
202
692
122
18
831
920
966
167
51
67
838
727
348
1012
121
43
679
119
85
992
924
422
804
640
717
118
28
868
927
581
746
411
664
530
753
1004
936
284
349
295
880
631
145
178
604
760
13
983
807
