670
779
201
79
244
895
664
708
445
450
64
683
748
94
169
797
950
211
482
814
1029
415
135
303
357
436
967
198
390
715
152
49
538
485
699
615
277
214
333
155
701
279
457
957
189
691
878
927
207
5
806
268
675
796
360
161
65
777
216
855
825
845
394
917
428
869
406
580
167
331
170
229
343
417
41
346
133
603
23
954
633
33
22
548
605
127
931
60
612
286
312
429
671
558
228
32
251
859
854
278
468
824
473
660
307
955
563
114
389
762
294
223
631
861
344
1019
942
433
782
784
224
283
3
7
804
190
778
175
535
291
319
453
767
556
918
126
387
529
62
399
884
539
791
970
452
910
98
14
891
486
738
582
729
657
271
694
441
792
426
820
645
707
146
771
902
182
88
949
914
197
654
867
851
461
758
811
254
537
188
164
112
858
10
386
627
234
613
684
953
544
243
235
945
1015
839
901
998
525
440
960
904
761
698
371
168
893
340
157
350
419
418
689
924
479
103
376
196
102
296
734
378
174
76
925
747
1021
425
0
920
128
521
427
769
987
969
153
730
926
826
483
160
971
972
994
355
326
413
372
11
392
462
460
80
787
336
803
892
847
105
290
724
351
505
966
358
354
154
381
936
285
647
257
225
883
400
832
173
741
42
934
420
874
1002
150
794
630
284
115
74
328
356
719
274
50
590
999
58
199
144
151
805
773
727
638
584
540
986
116
623
270
180
176
573
118
265
384
939
602
388
546
813
678
516
131
619
597
187
53
38
513
533
775
117
237
309
412
332
443
43
609
446
696
744
414
531
801
494
830
570
968
299
527
28
980
703
27
241
249
772
139
857
713
674
85
781
465
289
120
981
495
181
1006
863
993
835
476
84
236
749
404
471
848
66
506
421
688
620
982
475
373
1020
305
194
725
768
985
790
712
705
807
639
828
763
455
1024
253
819
827
856
611
72
977
508
442
550
487
401
20
338
1005
795
238
70
632
951
464
692
872
532
63
780
273
204
685
311
889
726
716
231
78
598
946
183
68
293
648
308
349
472
129
13
528
788
497
93
341
498
200
629
963
90
962
18
492
680
125
700
873
911
435
589
574
542
567
912
523
215
337
267
1013
916
363
687
944
905
564
601
158
714
416
491
430
1028
541
242
849
493
816
793
280
179
507
669
515
817
622
325
650
596
929
488
77
276
562
166
651
887
906
899
437
364
222
145
359
745
559
504
29
552
108
107
545
736
411
702
362
774
438
110
147
673
959
248
19
607
572
626
679
162
561
324
304
178
610
913
709
984
67
965
402
408
722
585
956
4
677
57
51
549
396
212
948
756
850
448
226
69
165
423
1008
1016
875
517
588
159
617
287
477
1003
233
25
86
543
140
370
247
661
1000
600
95
746
1022
808
575
282
352
484
219
681
230
710
59
1007
431
297
655
534
172
156
310
281
218
571
306
246
789
409
96
992
834
569
841
565
300
735
123
557
976
454
695
361
335
30
510
208
961
458
667
640
909
474
958
301
121
928
385
489
17
366
470
466
871
800
469
581
9
255
591
1009
560
636
937
740
637
952
717
668
36
138
313
106
975
653
693
40
403
663
864
812
83
45
754
641
54
47
785
15
519
938
55
205
608
522
256
269
295
220
900
642
616
802
870
382
1014
424
880
628
831
148
551
592
586
837
422
643
124
1017
798
930
260
81
210
555
375
368
259
809
614
1004
365
91
327
881
261
298
706
732
451
209
625
490
500
815
658
480
576
547
348
24
463
232
503
109
554
922
6
240
1010
44
919
765
250
410
367
991
868
143
203
48
843
577
656
989
502
272
599
842
459
665
1001
846
239
512
511
983
862
940
177
82
292
134
750
995
432
666
137
766
865
1025
731
838
822
988
635
704
264
594
606
890
676
380
467
941
227
578
752
245
799
644
184
21
262
186
739
568
315
753
697
61
974
339
252
369
894
501
288
885
193
395
990
35
604
583
672
16
997
723
860
751
1023
1012
757
646
1027
73
39
1026
89
618
342
75
122
481
101
330
821
979
213
760
1
320
275
119
903
823
866
192
444
407
737
447
329
171
97
434
595
711
896
496
393
649
844
776
755
888
520
886
882
621
99
111
733
163
37
524
316
130
202
52
836
718
449
195
302
536
721
996
