134
383
586
491
42
83
1023
384
812
320
87
493
861
765
785
860
532
684
438
211
827
115
434
185
231
31
419
142
340
683
730
799
621
636
143
734
577
104
893
1014
737
671
645
119
405
90
520
82
613
476
281
649
36
364
793
784
65
77
309
373
256
559
489
539
436
310
64
647
702
879
611
198
832
902
758
121
187
773
837
745
16
124
790
355
162
137
323
371
816
207
518
311
99
652
377
283
85
93
205
590
923
409
783
643
901
746
968
298
13
496
741
830
557
456
243
1016
753
589
249
564
23
521
392
571
911
123
823
253
221
657
940
29
193
681
584
335
348
986
238
240
947
742
626
261
936
237
726
366
334
453
78
1009
466
469
474
633
853
935
918
38
599
977
794
1022
735
609
245
744
301
394
809
874
550
772
141
705
804
542
111
454
487
380
168
292
118
508
110
122
11
731
915
624
932
973
247
17
526
406
72
685
989
358
913
80
494
420
528
452
754
984
488
294
533
89
803
687
764
190
922
750
974
651
147
138
576
862
849
964
846
1003
958
627
404
398
313
941
1017
641
694
471
75
569
514
171
965
486
755
656
686
960
727
549
795
606
159
781
900
813
331
607
10
165
482
431
385
91
457
955
324
710
987
858
630
511
349
966
299
176
556
835
934
573
467
19
658
1019
856
690
27
69
278
587
942
952
689
307
106
821
478
327
329
980
92
517
81
583
638
441
628
776
670
268
994
762
18
580
575
312
505
459
204
129
1013
775
169
55
416
692
492
944
543
214
437
870
688
154
345
287
617
632
547
595
954
303
432
786
136
946
59
473
181
976
25
525
605
610
98
369
3
884
153
906
842
523
895
953
675
951
277
805
852
796
722
166
836
743
225
444
120
956
135
650
497
103
56
212
447
189
771
359
674
206
201
711
132
172
114
6
1021
48
662
498
716
130
282
1006
86
507
270
180
200
291
410
460
933
173
1008
415
446
751
789
390
167
1005
296
148
568
945
724
41
878
950
379
567
333
817
28
400
1000
1010
1011
79
740
969
721
424
739
61
178
71
37
209
871
433
588
985
264
463
1
555
267
594
701
546
538
250
239
5
126
458
757
216
811
439
102
512
706
875
863
808
357
908
534
417
4
585
151
47
370
838
566
558
535
668
920
306
501
188
1020
387
24
767
1012
714
485
708
552
128
155
49
502
258
655
513
293
787
197
598
778
663
74
116
470
766
233
574
1027
608
898
353
339
756
909
715
304
910
713
443
810
393
991
788
402
990
831
139
774
266
554
220
597
553
876
897
1002
403
46
195
109
351
235
248
802
1028
719
975
322
257
596
919
693
537
592
318
616
604
834
421
57
477
769
883
885
428
495
763
1029
372
527
426
35
317
330
516
925
68
548
644
841
560
184
203
325
824
565
826
435
259
749
848
51
780
806
381
691
389
563
100
401
145
252
729
12
396
45
733
475
246
236
361
593
660
868
382
531
905
219
254
921
480
814
52
244
332
280
1015
1025
413
882
76
260
997
157
845
144
429
468
388
761
289
374
972
1001
957
305
314
519
170
907
603
903
728
700
736
677
34
179
50
695
822
770
362
295
759
866
819
500
465
747
354
646
896
619
30
820
464
21
427
161
581
792
867
227
995
859
455
978
316
916
2
479
620
222
931
347
659
967
829
308
8
524
263
970
414
213
825
451
84
112
44
614
140
1018
62
97
840
707
449
275
113
54
768
228
634
150
133
612
833
288
602
971
704
927
666
96
682
782
368
570
562
272
983
924
342
66
615
800
350
1004
889
60
269
63
290
504
445
352
578
709
959
914
904
579
880
631
356
847
509
993
698
642
912
53
712
992
386
886
192
70
881
163
175
798
218
217
899
503
1026
26
779
391
208
930
276
725
551
515
232
328
536
251
315
717
877
653
234
545
336
131
894
160
343
32
1024
625
365
938
297
95
732
673
210
107
202
499
33
461
522
665
654
39
678
182
273
864
601
448
748
319
22
807
440
397
979
67
418
321
156
544
279
530
88
472
7
346
510
648
696
618
376
191
73
378
777
271
215
529
341
395
661
0
450
20
411
442
226
865
891
752
843
622
962
174
40
360
241
186
541
408
720
399
540
363
963
484
679
639
917
988
943
850
818
149
697
996
164
982
