372
851
296
773
651
945
481
776
9
824
995
763
548
35
689
993
237
871
631
104
712
133
282
534
607
428
196
157
248
371
62
452
725
119
599
325
650
927
815
206
1003
707
836
795
271
353
759
109
975
66
998
612
479
181
229
264
892
270
551
682
308
347
1020
934
770
69
381
844
544
532
405
18
833
197
515
262
333
667
536
205
566
268
925
736
525
853
805
212
812
527
764
436
760
276
71
699
899
896
969
139
713
942
929
392
908
668
466
373
879
90
822
354
403
391
711
305
956
453
87
806
360
984
339
674
906
100
61
143
820
456
730
520
827
169
202
686
292
1006
803
874
20
252
4
185
493
162
187
166
94
129
250
997
598
902
433
318
704
915
523
952
1027
299
958
620
336
869
216
65
208
937
13
303
546
513
769
911
346
932
579
182
49
572
1002
124
448
859
110
422
685
239
710
628
793
753
341
920
680
964
261
1016
51
843
170
136
876
330
475
247
863
301
681
1018
949
912
394
86
8
324
691
140
156
445
1001
413
850
832
478
462
277
55
486
748
399
974
634
702
367
505
1028
660
410
135
751
540
214
669
678
979
772
269
571
284
418
416
344
562
357
440
419
955
47
539
231
63
482
697
988
32
34
468
632
442
665
786
1
474
671
933
991
626
657
293
659
41
50
188
690
518
497
243
677
59
446
706
285
163
936
132
167
407
738
7
1013
70
501
556
541
781
176
494
552
946
978
728
828
601
434
349
67
947
921
831
223
274
251
854
837
741
16
1005
981
765
461
931
926
593
739
965
633
916
483
768
530
948
424
244
950
460
326
492
687
121
774
749
852
145
115
754
792
488
236
150
417
721
320
487
542
968
758
787
423
802
545
839
989
113
891
25
755
447
375
522
171
842
265
352
538
471
670
789
455
26
401
377
273
408
72
895
597
743
941
638
558
0
973
249
191
644
213
384
585
1011
340
306
203
45
856
27
862
709
161
889
411
512
935
148
840
514
818
880
500
729
111
192
553
835
3
275
393
645
961
211
570
775
700
783
663
829
101
314
727
22
103
267
316
491
142
395
221
290
696
194
56
369
390
158
281
1000
378
616
73
126
415
366
761
684
174
278
294
438
996
747
635
117
883
54
215
376
1026
777
1009
962
88
102
313
312
335
959
614
141
521
464
914
39
595
720
272
714
114
535
617
1021
798
922
159
52
420
672
801
868
431
60
256
939
506
982
893
526
866
107
744
332
508
648
81
604
183
106
1023
878
703
990
99
127
705
84
701
68
356
885
57
476
655
886
609
825
967
97
767
845
130
848
93
606
718
152
123
918
797
240
128
122
652
855
385
31
909
790
144
234
673
610
887
441
112
637
524
683
930
495
178
280
636
327
228
872
901
658
467
118
960
151
11
507
382
928
547
253
46
613
204
698
584
451
164
337
217
210
897
903
219
396
5
694
938
266
37
646
502
582
490
48
550
640
782
923
808
218
882
596
884
235
716
849
309
581
529
917
857
600
180
160
788
89
29
149
643
400
458
85
504
472
489
310
813
224
580
966
847
147
784
195
323
900
957
404
12
662
594
752
10
603
459
36
826
618
209
388
560
799
177
193
817
398
735
414
740
910
503
794
64
778
940
53
983
260
653
355
642
723
834
199
263
519
412
563
125
587
592
432
972
155
76
860
943
745
890
555
444
96
232
91
138
629
976
200
58
661
785
715
511
225
838
509
821
383
877
321
1022
184
98
724
588
1010
380
358
830
1004
823
175
238
242
980
82
693
322
134
762
40
78
791
573
590
168
517
656
864
75
589
454
907
146
591
873
379
734
19
387
291
992
779
737
409
499
43
679
179
315
796
708
811
298
624
15
742
2
368
1007
608
861
429
1008
279
987
338
343
427
999
397
457
559
951
198
867
465
816
898
919
108
485
994
649
746
116
913
6
374
386
21
307
576
473
1017
639
1025
328
804
676
625
230
345
888
254
44
154
533
549
361
675
841
771
23
971
120
430
258
904
870
1024
569
317
954
766
227
389
289
623
695
1014
726
858
226
295
1015
189
363
621
421
38
807
233
810
186
688
425
496
14
257
733
92
255
302
480
498
561
351
846
666
165
288
664
564
79
577
575
439
334
105
30
342
484
300
985
443
469
286
402
