133
917
241
101
283
480
661
8
270
818
591
376
440
410
792
772
32
714
605
340
328
66
524
190
124
325
16
382
387
888
160
854
668
536
822
867
394
501
622
912
504
950
514
748
711
844
962
841
385
415
492
137
365
606
351
441
999
560
474
892
357
408
674
294
834
904
435
523
729
224
1017
745
53
462
743
145
665
317
735
968
95
77
134
59
891
344
565
427
350
84
502
763
193
94
1028
548
547
905
371
955
879
446
592
1019
724
261
931
464
260
444
87
458
181
48
827
28
599
33
764
104
875
566
575
247
901
263
909
546
865
873
312
149
324
370
108
681
144
1008
166
242
960
785
775
92
761
119
516
814
121
932
900
222
568
607
576
700
402
570
430
806
857
890
358
1020
1006
921
653
634
493
419
487
352
534
80
41
830
1023
926
727
651
816
997
636
272
429
290
561
282
924
449
996
1026
5
143
951
154
113
30
456
52
339
801
778
685
604
684
799
483
869
811
194
397
578
549
782
669
491
567
631
654
779
973
43
398
540
522
868
310
173
1
1027
866
100
74
521
176
978
510
455
677
452
158
663
384
259
944
850
730
957
701
758
217
977
737
988
24
163
207
343
227
172
810
760
602
198
832
169
498
234
732
953
1021
645
389
269
919
180
878
201
230
777
798
963
766
330
67
935
947
308
85
472
1013
424
436
596
206
46
894
475
447
728
22
584
683
136
858
880
946
323
749
400
254
739
393
299
817
984
162
790
125
528
70
911
800
949
915
707
255
638
741
736
752
235
257
644
886
476
986
923
395
279
783
1025
753
564
994
964
488
872
256
381
461
479
13
682
131
468
78
580
307
204
189
349
19
781
159
927
898
110
627
478
248
1000
572
509
313
182
62
238
598
812
933
551
191
420
948
214
574
833
797
603
280
266
706
925
150
679
821
485
346
747
445
742
690
862
489
1007
221
794
432
664
759
959
220
109
590
613
589
377
466
532
421
847
655
503
863
454
298
855
660
670
807
212
809
156
286
374
762
467
360
913
102
322
542
93
305
527
329
594
457
60
366
396
20
423
849
55
47
525
839
4
519
236
170
518
507
952
433
362
1015
146
473
539
695
499
553
958
152
200
56
213
355
71
26
192
1029
692
171
961
852
550
672
135
327
930
86
332
635
897
715
526
218
274
802
258
619
543
956
437
893
662
508
581
776
907
704
647
593
719
345
657
364
179
708
7
151
511
469
246
703
987
215
767
1002
1001
453
774
44
107
820
15
460
825
273
178
76
637
373
709
642
61
99
649
390
621
899
614
81
34
316
1016
161
486
705
870
733
895
734
245
769
114
262
608
967
793
1005
11
277
112
558
216
484
770
824
403
571
168
998
196
694
297
187
686
91
331
147
309
980
359
990
583
750
347
404
275
186
517
678
407
363
90
39
338
505
713
2
418
165
226
470
481
928
399
989
14
140
939
289
625
716
54
391
451
203
611
9
971
535
388
640
696
211
623
232
756
1011
405
845
244
992
130
120
667
37
587
367
264
970
995
103
287
342
422
864
545
318
710
17
425
335
1010
27
676
643
285
295
646
141
650
228
544
836
846
791
58
751
929
976
699
883
300
243
612
25
680
321
557
861
975
375
3
554
982
936
303
877
941
288
754
918
515
813
356
556
209
68
117
529
600
434
31
563
127
205
934
111
837
666
29
537
353
842
79
406
369
177
887
208
722
378
815
477
164
966
459
1024
443
940
974
450
922
615
582
45
981
610
671
784
197
463
506
624
985
157
530
808
293
42
856
278
780
823
75
496
616
291
83
361
6
271
1012
648
843
712
916
795
943
755
183
902
718
35
586
630
691
717
253
126
439
251
969
828
296
896
725
337
983
601
731
379
142
314
541
910
698
106
1009
302
0
231
908
788
906
202
12
301
417
51
334
311
129
531
579
835
471
155
10
383
411
414
659
740
413
153
36
333
881
304
249
720
348
442
641
639
954
885
319
882
588
786
225
658
69
840
688
401
123
199
1018
96
223
118
412
268
697
860
88
652
723
765
167
884
490
819
1003
239
693
495
773
368
629
689
284
229
585
426
512
876
738
744
174
465
132
320
105
73
265
979
746
675
757
721
573
380
115
942
993
853
937
185
281
920
829
513
851
326
1004
